0 0.5296875 0.38515625 0.34609375 0.28125
1 0.77578125 0.46484375 0.446875 0.53515625
0 0.7546875 0.82734375 0.04921875 0.05859375
0 0.4015625 0.92109375 0.06953125 0.0328125
1 0.26796875 0.51171875 0.4640625 0.7328125
0 0.4203125 0.640625 0.078125 0.07890625
1 0.5453125 0.146875 0.60625 0.28984375
0 0.24921875 0.8265625 0.1140625 0.0734375
0 0.06484375 0.7265625 0.02890625 0.02421875
0 0.93046875 0.7296875 0.13828125 0.10625
0 0.815625 0.61484375 0.034375 0.06328125
0 0.59921875 0.77265625 0.02734375 0.0359375