1 0.84921875 0.6546875 0.1828125 0.3796875
0 0.9296875 0.90703125 0.0234375 0.07265625
0 0.90859375 0.9015625 0.03125 0.08828125
0 0.84765625 0.91015625 0.06953125 0.09140625
0 0.771875 0.90859375 0.05703125 0.0953125
0 0.6703125 0.90859375 0.10703125 0.0953125
1 0.48828125 0.41484375 0.21015625 0.81640625
0 0.56171875 0.90859375 0.0421875 0.1015625
0 0.509375 0.91171875 0.0421875 0.0953125
0 0.43671875 0.93046875 0.065625 0.05703125
0 0.3796875 0.92890625 0.03125 0.05390625
0 0.28984375 0.8984375 0.05234375 0.1203125
0 0.09140625 0.8890625 0.05703125 0.1140625
1 0.6453125 0.471875 0.0859375 0.3984375
1 0.76171875 0.3625 0.13046875 0.23125
1 0.665625 0.7734375 0.096875 0.16171875
1 0.59375 0.1296875 0.1140625 0.246875