0 0.47578125 0.425 0.31640625 0.2125
0 0.89765625 0.3953125 0.1671875 0.19609375
0 0.63984375 0.63984375 0.05703125 0.0765625
0 0.80703125 0.18203125 0.109375 0.08359375
1 0.2171875 0.2625 0.31875 0.4625
0 0.1375 0.684375 0.046875 0.05546875
0 0.3515625 0.621875 0.05234375 0.04375
0 0.2765625 0.65546875 0.0328125 0.06875
0 0.49140625 0.59765625 0.028125 0.0390625
0 0.16953125 0.49453125 0.25234375 0.23984375
1 0.3109375 0.496875 0.2140625 0.1828125
1 0.4984375 0.6703125 0.28203125 0.27421875
1 0.69609375 0.2859375 0.23984375 0.565625