0 0.8265625 0.55546875 0.084375 0.06640625
0 0.11484375 0.334375 0.0109375 0.01953125
0 0.08828125 0.371875 0.0171875 0.021875
0 0.10546875 0.4359375 0.0109375 0.01640625
0 0.28203125 0.559375 0.0484375 0.01953125
0 0.59375 0.61640625 0.134375 0.021875
0 0.11484375 0.45390625 0.0078125 0.0140625
0 0.234375 0.5375 0.0125 0.0140625
0 0.21875 0.53046875 0.0125 0.021875
0 0.76328125 0.59140625 0.0140625 0.03359375
0 0.71953125 0.6015625 0.0484375 0.025
0 0.49765625 0.6125 0.0109375 0.0140625
0 0.67890625 0.60546875 0.0265625 0.01640625
1 0.5140625 0.29609375 0.9625 0.5859375