0 0.0109375 0.415625 0.01875 0.053125
0 0.09921875 0.42109375 0.0484375 0.0640625
0 0.159375 0.43046875 0.053125 0.071875
0 0.4515625 0.565625 0.046875 0.175
0 0.71484375 0.4484375 0.1796875 0.346875
0 0.92109375 0.59140625 0.0640625 0.071875
1 0.6265625 0.271875 0.49375 0.51640625
1 0.1546875 0.20703125 0.3 0.3640625
0 0.034375 0.4140625 0.01875 0.04453125
0 0.053125 0.41953125 0.009375 0.05
0 0.2671875 0.528125 0.146875 0.2390625
0 0.54453125 0.39140625 0.0453125 0.05
0 0.5671875 0.49296875 0.046875 0.06953125
0 0.5640625 0.56640625 0.03125 0.071875
0 0.60859375 0.57109375 0.0171875 0.05859375
0 0.63828125 0.25703125 0.0390625 0.06953125