1 0.23828125 0.496875 0.47109375 0.3828125
1 0.5765625 0.47578125 0.12109375 0.25625
1 0.85625 0.6 0.28671875 0.44921875
0 0.0078125 0.596875 0.01015625 0.0421875
0 0.08828125 0.86875 0.06015625 0.12265625
0 0.20625 0.83828125 0.034375 0.03515625
0 0.31328125 0.94765625 0.02109375 0.0140625
0 0.91171875 0.76328125 0.065625 0.0734375
0 0.99296875 0.79765625 0.0140625 0.0390625
0 0.5984375 0.76875 0.01328125 0.02109375
0 0.590625 0.6578125 0.12890625 0.09453125
0 0.1234375 0.728125 0.01015625 0.01015625
0 0.6015625 0.97890625 0.01875 0.03515625