0 0.31796875 0.52578125 0.0421875 0.2078125
0 0.43984375 0.5484375 0.04609375 0.03046875
0 0.50703125 0.59921875 0.03203125 0.06640625
0 0.628125 0.63984375 0.05390625 0.10546875
0 0.80390625 0.28046875 0.284375 0.3734375
0 0.75078125 0.875 0.178125 0.18359375
1 0.4796875 0.834375 0.34296875 0.246875
1 0.83046875 0.64296875 0.22265625 0.35859375
0 0.69609375 0.5453125 0.0421875 0.084375
1 0.253125 0.3421875 0.503125 0.671875
0 0.96171875 0.57109375 0.028125 0.0453125
0 0.85234375 0.76640625 0.04609375 0.06953125