1 0.4453125 0.35 0.8890625 0.6984375
0 0.48828125 0.82578125 0.1109375 0.109375
0 0.66953125 0.415625 0.45859375 0.675
0 0.64140625 0.75234375 0.05078125 0.10859375
0 0.50859375 0.7140625 0.13203125 0.11875
0 0.76171875 0.834375 0.02265625 0.02578125
0 0.2921875 0.853125 0.06015625 0.0453125
0 0.8296875 0.81953125 0.05390625 0.0359375
0 0.9859375 0.61015625 0.028125 0.0828125
0 0.1140625 0.81953125 0.03203125 0.06953125
0 0.1421875 0.715625 0.021875 0.053125
0 0.65390625 0.84140625 0.07578125 0.05859375
0 0.07578125 0.89140625 0.03203125 0.0390625
0 0.384375 0.8390625 0.0453125 0.06484375
0 0.10625 0.74765625 0.02265625 0.0265625
0 0.9359375 0.6765625 0.03828125 0.0984375
0 0.128125 0.8890625 0.025 0.02421875