0 0.58984375 0.703125 0.121875 0.19296875
0 0.3875 0.6765625 0.0640625 0.1734375
0 0.4796875 0.7203125 0.04921875 0.11328125
0 0.31796875 0.7703125 0.0265625 0.0265625
0 0.60078125 0.58984375 0.0421875 0.03359375
0 0.51328125 0.56328125 0.021875 0.0203125
0 0.74765625 0.553125 0.02890625 0.0265625
0 0.8890625 0.63515625 0.01796875 0.0234375
1 0.7875 0.7984375 0.184375 0.096875
0 0.503125 0.76484375 0.015625 0.03671875
0 0.3546875 0.721875 0.0109375 0.0296875
1 0.3859375 0.81171875 0.10859375 0.096875