0 0.6515625 0.72421875 0.1359375 0.1625
0 0.821875 0.428125 0.128125 0.1015625
0 0.43671875 0.678125 0.16953125 0.29453125
0 0.66796875 0.40234375 0.11484375 0.12109375
0 0.95703125 0.190625 0.08359375 0.071875
1 0.62265625 0.590625 0.73671875 0.69296875
0 0.18203125 0.56953125 0.22890625 0.415625
0 0.4890625 0.27890625 0.06328125 0.03671875
0 0.82265625 0.79921875 0.0375 0.05234375
0 0.70390625 0.87109375 0.0671875 0.03359375
0 0.57421875 0.8609375 0.03671875 0.05390625
0 0.48515625 0.1421875 0.03125 0.06015625
0 0.58359375 0.16328125 0.01640625 0.05390625
0 0.61015625 0.18671875 0.021875 0.0203125
0 0.60390625 0.2890625 0.0265625 0.05390625
0 0.43359375 0.12890625 0.01953125 0.01875