0 0.22109375 0.5390625 0.43671875 0.35625
0 0.77265625 0.821875 0.2125 0.25625
1 0.5015625 0.26875 0.996875 0.53203125
0 0.97734375 0.896875 0.0453125 0.09296875
0 0.96796875 0.50703125 0.0578125 0.040625
0 0.42109375 0.89296875 0.11484375 0.090625
0 0.609375 0.865625 0.0484375 0.05
0 0.1015625 0.76953125 0.190625 0.04765625
0 0.57578125 0.8078125 0.06640625 0.04765625
0 0.48203125 0.81328125 0.06640625 0.059375
0 0.37734375 0.8171875 0.0515625 0.05234375
0 0.2515625 0.8703125 0.07265625 0.0828125
0 0.5421875 0.54296875 0.0421875 0.0359375