0 0.60859375 0.29375 0.1265625 0.16171875
0 0.76171875 0.815625 0.07578125 0.090625
0 0.2796875 0.328125 0.08203125 0.09375
0 0.08984375 0.2640625 0.08046875 0.153125
1 0.68203125 0.23984375 0.3546875 0.46328125
1 0.6203125 0.84921875 0.21875 0.11328125
1 0.05390625 0.38359375 0.08828125 0.06796875
1 0.071875 0.69765625 0.128125 0.32109375
1 0.1171875 0.11796875 0.1265625 0.1734375
0 0.19140625 0.78515625 0.10625 0.10546875
0 0.60234375 0.75390625 0.078125 0.15078125
1 0.2625 0.403125 0.05625 0.05703125
0 0.0875 0.44609375 0.13828125 0.0625