0 0.1734375 0.55546875 0.084375 0.06640625
0 0.88515625 0.334375 0.0109375 0.01953125
0 0.91171875 0.371875 0.0171875 0.021875
0 0.89453125 0.4359375 0.0109375 0.01640625
0 0.71796875 0.559375 0.0484375 0.01953125
0 0.40625 0.61640625 0.134375 0.021875
0 0.88515625 0.45390625 0.0078125 0.0140625
0 0.765625 0.5375 0.0125 0.0140625
0 0.78125 0.53046875 0.0125 0.021875
0 0.23671875 0.59140625 0.0140625 0.03359375
0 0.28046875 0.6015625 0.0484375 0.025
0 0.50234375 0.6125 0.0109375 0.0140625
0 0.32109375 0.60546875 0.0265625 0.01640625
1 0.4859375 0.29609375 0.9625 0.5859375