1 0.89609375 0.7578125 0.2015625 0.37109375
1 0.03359375 0.8421875 0.0671875 0.1625
0 0.3109375 0.7703125 0.2765625 0.40859375
0 0.1984375 0.453125 0.13203125 0.10078125
0 0.08046875 0.5 0.046875 0.09453125
0 0.59921875 0.2078125 0.36796875 0.40234375
0 0.79921875 0.93984375 0.1015625 0.1203125
0 0.58515625 0.92734375 0.15078125 0.14453125
0 0.63359375 0.553125 0.059375 0.12578125
1 0.55625 0.18515625 0.15078125 0.3078125
1 0.16015625 0.31796875 0.2265625 0.2578125
1 0.5375 0.7234375 0.18203125 0.2765625