0 0.08671875 0.596875 0.07421875 0.08203125
0 0.16328125 0.425 0.05390625 0.07109375
0 0.2390625 0.41796875 0.034375 0.0625
0 0.3359375 0.34609375 0.02421875 0.04921875
0 0.95078125 0.4921875 0.0578125 0.12265625
0 0.86484375 0.43046875 0.02578125 0.08203125
0 0.81484375 0.4484375 0.02578125 0.05703125
0 0.784375 0.37734375 0.02421875 0.0625
0 0.378125 0.30234375 0.03203125 0.0765625
0 0.73515625 0.34453125 0.02578125 0.040625
0 0.41171875 0.27109375 0.015625 0.0296875
0 0.4359375 0.2890625 0.01171875 0.04921875
0 0.45703125 0.3390625 0.0296875 0.0625
0 0.50234375 0.31640625 0.04375 0.02734375
0 0.6640625 0.32421875 0.03203125 0.04375
0 0.628125 0.30546875 0.02421875 0.0546875
0 0.7046875 0.32421875 0.02578125 0.02734375
1 0.640625 0.21796875 0.05390625 0.0875