0 0.471875 0.24140625 0.63203125 0.47734375
1 0.09296875 0.3796875 0.18203125 0.0984375
0 0.0921875 0.54375 0.0921875 0.05859375
0 0.5921875 0.37578125 0.15625 0.1921875
0 0.73515625 0.46171875 0.065625 0.1015625
0 0.0390625 0.4453125 0.0578125 0.0640625
0 0.146875 0.4453125 0.0703125 0.14921875
0 0.4671875 0.51875 0.078125 0.05625
0 0.56796875 0.51875 0.0359375 0.0296875
0 0.64609375 0.53046875 0.06015625 0.053125
0 0.134375 0.171875 0.03984375 0.125
0 0.14765625 0.3109375 0.02421875 0.05078125
0 0.07734375 0.3203125 0.11015625 0.0640625