1 0.7578125 0.53046875 0.47265625 0.92265625
0 0.40078125 0.45546875 0.06640625 0.07734375
0 0.20859375 0.18125 0.03515625 0.03359375
0 0.890625 0.153125 0.15546875 0.23515625
0 0.70703125 0.44453125 0.08828125 0.46015625
0 0.725 0.77265625 0.02734375 0.09609375
0 0.52734375 0.91953125 0.01875 0.02734375
0 0.40546875 0.96875 0.028125 0.05859375
0 0.584375 0.26796875 0.015625 0.02734375
1 0.1875 0.225 0.3609375 0.4375
0 0.61875 0.28984375 0.01796875 0.03359375
0 0.67890625 0.78671875 0.02265625 0.03515625
0 0.56171875 0.94296875 0.01796875 0.01875
1 0.321875 0.609375 0.23125 0.29765625