1 0.22890625 0.6296875 0.45703125 0.30390625
1 0.73828125 0.33359375 0.5234375 0.3734375
0 0.1109375 0.8015625 0.08515625 0.0625
0 0.18984375 0.82734375 0.10390625 0.0984375
0 0.31328125 0.7765625 0.03515625 0.05
0 0.36953125 0.84140625 0.0390625 0.04921875
0 0.30390625 0.82421875 0.02109375 0.028125
0 0.4703125 0.8328125 0.02421875 0.03125
0 0.53828125 0.82109375 0.07421875 0.06484375
0 0.24140625 0.24765625 0.08125 0.05546875
0 0.5125 0.38828125 0.09296875 0.0921875
0 0.6484375 0.49765625 0.06796875 0.075
0 0.75078125 0.56875 0.0515625 0.0578125
0 0.79921875 0.5890625 0.02265625 0.03203125
0 0.83125 0.60703125 0.01640625 0.0203125
0 0.8796875 0.63203125 0.03671875 0.0578125
0 0.9609375 0.6671875 0.07421875 0.06640625
0 0.92578125 0.7453125 0.028125 0.03984375