0 0.95 0.63203125 0.053125 0.0484375
0 0.875 0.628125 0.071875 0.0453125
0 0.76015625 0.61796875 0.1390625 0.05390625
0 0.6640625 0.621875 0.034375 0.034375
0 0.58203125 0.62109375 0.1015625 0.0484375
0 0.47890625 0.60234375 0.0984375 0.07421875
0 0.39140625 0.59921875 0.0578125 0.06796875
0 0.3203125 0.61328125 0.053125 0.05078125
0 0.24296875 0.625 0.0453125 0.028125
0 0.175 0.61796875 0.071875 0.04296875
0 0.1203125 0.6265625 0.009375 0.01953125
0 0.0390625 0.625 0.078125 0.03984375
1 0.50078125 0.3 0.9921875 0.58828125