0 0.1203125 0.496875 0.240625 0.378125
0 0.87734375 0.746875 0.2421875 0.171875
1 0.5625 0.31953125 0.865625 0.628125
0 0.71171875 0.76796875 0.0828125 0.025
0 0.7625 0.46640625 0.021875 0.09453125
0 0.32578125 0.7109375 0.0234375 0.028125
0 0.2703125 0.471875 0.059375 0.10546875
0 0.26640625 0.5609375 0.0203125 0.0390625
0 0.25390625 0.61640625 0.0171875 0.04453125
0 0.2640625 0.6875 0.05 0.04140625
0 0.346875 0.41796875 0.025 0.0640625
0 0.38046875 0.44296875 0.0171875 0.046875
0 0.3359375 0.57890625 0.025 0.075