0 0.75703125 0.3734375 0.0953125 0.17890625
0 0.63671875 0.45 0.0890625 0.1390625
0 0.62578125 0.7359375 0.0390625 0.05703125
0 0.42578125 0.85546875 0.0546875 0.10234375
0 0.25859375 0.55546875 0.1484375 0.253125
0 0.0328125 0.52734375 0.059375 0.128125
0 0.5078125 0.315625 0.0625 0.1875
0 0.546875 0.153125 0.05625 0.05078125
0 0.54765625 0.0453125 0.0359375 0.0453125
1 0.2796875 0.409375 0.240625 0.375
0 0.55546875 0.63203125 0.0671875 0.11640625
0 0.47421875 0.5796875 0.0390625 0.07421875
0 0.62890625 0.90625 0.0203125 0.03984375
0 0.16484375 0.77265625 0.0234375 0.034375
0 0.20078125 0.9390625 0.0140625 0.03125
0 0.50390625 0.9625 0.1015625 0.075
0 0.671875 0.69453125 0.034375 0.05390625
0 0.81640625 0.628125 0.0140625 0.028125
0 0.5875 0.296875 0.04375 0.03671875
0 0.7421875 0.5328125 0.01875 0.03671875
0 0.3859375 0.140625 0.015625 0.03125