0 0.29609375 0.7203125 0.1078125 0.415625
0 0.48125 0.87734375 0.10234375 0.13125
0 0.73984375 0.6 0.13515625 0.25
1 0.0828125 0.82890625 0.10078125 0.18828125
0 0.61484375 0.40234375 0.04140625 0.09140625
0 0.64765625 0.51015625 0.07578125 0.11875
0 0.6171875 0.63359375 0.03046875 0.04921875
1 0.5078125 0.23125 0.403125 0.4578125
0 0.209375 0.875 0.02734375 0.0765625
0 0.24765625 0.5171875 0.02109375 0.034375
0 0.06796875 0.94296875 0.03671875 0.01953125
0 0.74140625 0.946875 0.02265625 0.0375
0 0.54765625 0.671875 0.03203125 0.0765625
0 0.37890625 0.64375 0.02890625 0.03984375
0 0.39296875 0.86875 0.0515625 0.12890625
0 0.35546875 0.47421875 0.06875 0.071875
0 0.33671875 0.2203125 0.115625 0.2078125
0 0.6140625 0.2140625 0.06875 0.15625
0 0.709375 0.30078125 0.0515625 0.12109375
0 0.6921875 0.06171875 0.0609375 0.11875
0 0.8703125 0.78203125 0.01953125 0.034375