0 0.828125 0.40703125 0.05234375 0.06796875
0 0.42890625 0.740625 0.02890625 0.06328125
0 0.29765625 0.60234375 0.16875 0.1953125
0 0.54375 0.390625 0.265625 0.28203125
1 0.50703125 0.27265625 0.9796875 0.53671875
0 0.60625 0.7453125 0.05859375 0.08203125
0 0.75625 0.77265625 0.04921875 0.03671875
0 0.9328125 0.45703125 0.12265625 0.22265625
0 0.94296875 0.76171875 0.03203125 0.040625
0 0.9375 0.65 0.05546875 0.0453125
0 0.88515625 0.6296875 0.01484375 0.05
0 0.71875 0.440625 0.0203125 0.01796875