0 0.22265625 0.88203125 0.18203125 0.2359375
0 0.5671875 0.615625 0.04140625 0.078125
0 0.715625 0.60078125 0.1078125 0.32734375
0 0.60625 0.69453125 0.08984375 0.08046875
0 0.4078125 0.61796875 0.03984375 0.0671875
0 0.70078125 0.27578125 0.0328125 0.0484375
0 0.50546875 0.53515625 0.0328125 0.03515625
1 0.415625 0.50078125 0.828125 0.9984375
0 0.63828125 0.35390625 0.0265625 0.0375
0 0.778125 0.21484375 0.06171875 0.0859375
0 0.8828125 0.08203125 0.02421875 0.05078125
0 0.8234375 0.15390625 0.028125 0.0453125
0 0.6296875 0.53359375 0.06171875 0.18203125