0 0.16796875 0.534375 0.30625 0.3609375
0 0.76328125 0.8125 0.20625 0.2328125
0 0.42265625 0.8921875 0.10625 0.0828125
1 0.503125 0.27890625 0.99375 0.553125
0 0.96796875 0.50703125 0.0578125 0.040625
0 0.140625 0.7671875 0.27578125 0.05703125
0 0.2109375 0.8796875 0.1421875 0.11171875
0 0.1390625 0.9609375 0.2 0.0359375
0 0.37265625 0.81484375 0.0484375 0.04296875
0 0.48203125 0.81796875 0.12109375 0.0453125
0 0.56953125 0.80546875 0.0609375 0.05234375
0 0.6078125 0.8671875 0.06328125 0.06640625
0 0.97109375 0.896875 0.0578125 0.09765625
0 0.91796875 0.75390625 0.08515625 0.03125