0 0.5203125 0.67890625 0.09296875 0.20234375
0 0.45546875 0.41875 0.02421875 0.12109375
0 0.1375 0.47421875 0.1375 0.16171875
0 0.63046875 0.52890625 0.07890625 0.3640625
0 0.83984375 0.45703125 0.14765625 0.38125
1 0.1390625 0.2453125 0.278125 0.4796875
1 0.6234375 0.1359375 0.6703125 0.26015625
0 0.8796875 0.22578125 0.04140625 0.0921875
1 0.92421875 0.58359375 0.14453125 0.41640625
1 0.446875 0.43359375 0.23359375 0.35859375
1 0.67734375 0.37578125 0.1921875 0.23125
0 0.74609375 0.4859375 0.0890625 0.08125