0 0.75390625 0.56015625 0.20703125 0.0625
0 0.4234375 0.453125 0.03515625 0.03125
0 0.21484375 0.43515625 0.0703125 0.05234375
1 0.175 0.49609375 0.35 0.17421875
1 0.49921875 0.13828125 0.9984375 0.27109375
1 0.1171875 0.415625 0.0546875 0.0390625
1 0.68671875 0.40390625 0.4234375 0.27109375
0 0.4390625 0.5375 0.06640625 0.02890625
0 0.378125 0.578125 0.0609375 0.05703125
0 0.2796875 0.5375 0.12890625 0.02890625
0 0.1890625 0.58203125 0.0546875 0.04453125
0 0.596875 0.53515625 0.05625 0.02890625