0 0.24296875 0.3734375 0.0953125 0.17890625
0 0.36328125 0.45 0.0890625 0.1390625
0 0.37421875 0.7359375 0.0390625 0.05703125
0 0.57421875 0.85546875 0.0546875 0.10234375
0 0.74140625 0.55546875 0.1484375 0.253125
0 0.9671875 0.52734375 0.059375 0.128125
0 0.4921875 0.315625 0.0625 0.1875
0 0.453125 0.153125 0.05625 0.05078125
0 0.45234375 0.0453125 0.0359375 0.0453125
1 0.7203125 0.409375 0.240625 0.375
0 0.44453125 0.63203125 0.0671875 0.11640625
0 0.52578125 0.5796875 0.0390625 0.07421875
0 0.37109375 0.90625 0.0203125 0.03984375
0 0.83515625 0.77265625 0.0234375 0.034375
0 0.79921875 0.9390625 0.0140625 0.03125
0 0.49609375 0.9625 0.1015625 0.075
0 0.328125 0.69453125 0.034375 0.05390625
0 0.18359375 0.628125 0.0140625 0.028125
0 0.4125 0.296875 0.04375 0.03671875
0 0.2578125 0.5328125 0.01875 0.03671875
0 0.6140625 0.140625 0.015625 0.03125