1 0.50078125 0.1640625 0.9890625 0.3109375
0 0.265625 0.12109375 0.11875 0.2359375
0 0.4859375 0.25 0.115625 0.10546875
0 0.38046875 0.1765625 0.0328125 0.046875
0 0.465625 0.121875 0.021875 0.05
0 0.34375 0.2140625 0.028125 0.0390625
0 0.984375 0.3640625 0.028125 0.05
0 0.81171875 0.18046875 0.0234375 0.0390625
0 0.77109375 0.2640625 0.0234375 0.03359375
0 0.62265625 0.28046875 0.0234375 0.03359375
0 0.928125 0.35859375 0.046875 0.05
0 0.88828125 0.30546875 0.0390625 0.0890625
0 0.83515625 0.27109375 0.0359375 0.0640625
0 0.74140625 0.28359375 0.0203125 0.028125
0 0.19296875 0.08046875 0.0234375 0.0609375
0 0.3484375 0.03046875 0.05625 0.05
0 0.4421875 0.090625 0.021875 0.053125
0 0.41171875 0.1359375 0.0171875 0.0390625
0 0.3953125 0.253125 0.021875 0.03359375