1 0.5546875 0.271875 0.503125 0.53828125
1 0.76796875 0.6125 0.1453125 0.25078125
0 0.32109375 0.3609375 0.1984375 0.1640625
0 0.47265625 0.18515625 0.1421875 0.1734375
0 0.56796875 0.36796875 0.1453125 0.15
0 0.6453125 0.6203125 0.140625 0.3609375
0 0.7328125 0.28125 0.034375 0.0515625
0 0.73125 0.39453125 0.01875 0.03515625
0 0.4046875 0.64140625 0.25625 0.365625
0 0.540625 0.79140625 0.025 0.0234375
0 0.578125 0.79140625 0.03125 0.0234375
0 0.2453125 0.790625 0.0125 0.02109375
0 0.56015625 0.67421875 0.0890625 0.075