1 0.296875 0.55546875 0.584375 0.88359375
0 0.37890625 0.7 0.0140625 0.03125
0 0.38671875 0.72734375 0.0234375 0.028125
0 0.40234375 0.75 0.0140625 0.0171875
0 0.30546875 0.9234375 0.0234375 0.05078125
0 0.29140625 0.85234375 0.0234375 0.02265625
0 0.28359375 0.97421875 0.0234375 0.0453125
0 0.534375 0.33828125 0.021875 0.034375
0 0.5796875 0.36328125 0.028125 0.03984375
0 0.503125 0.4828125 0.0625 0.02265625
0 0.5171875 0.534375 0.025 0.0625
0 0.4859375 0.61640625 0.025 0.02265625
0 0.44453125 0.64765625 0.0328125 0.02265625
0 0.41171875 0.640625 0.0140625 0.02578125