0 0.1671875 0.49296875 0.0203125 0.0265625
0 0.07265625 0.5953125 0.01484375 0.0296875
0 0.253125 0.5765625 0.0203125 0.03359375
0 0.34453125 0.68515625 0.03203125 0.05703125
0 0.70390625 0.6484375 0.08359375 0.05703125
0 0.92734375 0.5484375 0.01875 0.05
1 0.51875 0.3453125 0.9625 0.63671875
0 0.29921875 0.71796875 0.01640625 0.05
0 0.81328125 0.61484375 0.0375 0.05703125
0 0.54296875 0.61796875 0.02578125 0.05
0 0.41328125 0.68515625 0.02421875 0.03671875
0 0.49921875 0.45859375 0.05 0.05
0 0.28984375 0.478125 0.0203125 0.0296875