0 0.31875 0.3 0.05078125 0.1421875
0 0.8734375 0.3125 0.11328125 0.221875
0 0.6078125 0.2171875 0.25 0.32265625
0 0.25859375 0.35390625 0.0328125 0.0625
1 0.25859375 0.05703125 0.44375 0.1078125
0 0.11328125 0.425 0.0390625 0.05234375
0 0.41796875 0.13203125 0.09765625 0.05546875
0 0.8265625 0.11796875 0.01171875 0.05546875
0 0.26953125 0.2640625 0.015625 0.11796875
0 0.753125 0.3140625 0.0296875 0.05234375
0 0.1984375 0.39609375 0.084375 0.13203125
1 0.675 0.5484375 0.053125 0.05546875
1 0.7765625 0.47734375 0.1265625 0.17734375
0 0.1453125 0.30703125 0.025 0.02421875
0 0.0671875 0.440625 0.0171875 0.028125
0 0.0359375 0.45 0.0171875 0.02421875