0 0.4796875 0.5953125 0.040625 0.10625
0 0.89453125 0.4328125 0.146875 0.21171875
0 0.25078125 0.62578125 0.04609375 0.05625
0 0.534375 0.75703125 0.028125 0.06875
0 0.21875 0.82265625 0.13515625 0.075
0 0.56640625 0.4921875 0.06015625 0.0875
0 0.4921875 0.515625 0.06484375 0.040625
0 0.69921875 0.4390625 0.02421875 0.04375
1 0.465625 0.3953125 0.92734375 0.78515625
0 0.7046875 0.9015625 0.0703125 0.028125
0 0.3640625 0.82109375 0.07421875 0.040625
0 0.7671875 0.525 0.11875 0.13359375
1 0.74765625 0.83359375 0.084375 0.115625