0 0.19140625 0.7203125 0.165625 0.128125
1 0.7109375 0.55 0.20078125 0.2703125
0 0.01953125 0.57109375 0.034375 0.04296875
0 0.12890625 0.4765625 0.009375 0.03046875
0 0.5328125 0.7625 0.2125 0.065625
0 0.74765625 0.70078125 0.1890625 0.18984375
0 0.79921875 0.79453125 0.14609375 0.09140625
0 0.89921875 0.6359375 0.19140625 0.0828125
0 0.43359375 0.5828125 0.01171875 0.0125
0 0.79921875 0.5234375 0.0203125 0.05625
0 0.7296875 0.53515625 0.06171875 0.0609375
0 0.90078125 0.55703125 0.0171875 0.03359375
0 0.83125 0.52578125 0.01171875 0.02265625