0 0.203125 0.33515625 0.04765625 0.11640625
0 0.2328125 0.49375 0.16796875 0.27734375
0 0.37734375 0.83515625 0.68515625 0.32890625
0 0.884375 0.87109375 0.228125 0.2578125
0 0.29296875 0.21875 0.071875 0.11640625
0 0.27109375 0.325 0.01171875 0.02578125
0 0.4203125 0.2203125 0.040625 0.06640625
0 0.38671875 0.24453125 0.01484375 0.0203125
0 0.35234375 0.2515625 0.03671875 0.01875
0 0.471875 0.178125 0.01796875 0.02421875
0 0.1125 0.65 0.01328125 0.0203125
1 0.4546875 0.4078125 0.55703125 0.81171875
1 0.8875 0.38671875 0.225 0.7703125
0 0.15546875 0.38046875 0.0171875 0.040625
0 0.36484375 0.546875 0.028125 0.0296875