0 0.79765625 0.59765625 0.2171875 0.2484375
0 0.31640625 0.5828125 0.2109375 0.23046875
0 0.46953125 0.84296875 0.14375 0.14765625
0 0.45 0.50859375 0.05703125 0.21328125
0 0.6171875 0.8109375 0.05 0.0828125
0 0.8140625 0.82265625 0.11015625 0.1421875
0 0.0265625 0.553125 0.053125 0.1125
0 0.93515625 0.78984375 0.03046875 0.053125
0 0.6953125 0.9171875 0.0734375 0.09453125
0 0.5453125 0.55625 0.03359375 0.1421875
0 0.5921875 0.5625 0.0265625 0.17734375
0 0.1671875 0.615625 0.03984375 0.07109375
1 0.62890625 0.68671875 0.24765625 0.4734375