0 0.43203125 0.28515625 0.40078125 0.30703125
1 0.3421875 0.2453125 0.61953125 0.48671875
1 0.72734375 0.31328125 0.11796875 0.0703125
0 0.27421875 0.7046875 0.11640625 0.02421875
0 0.71796875 0.39296875 0.1625 0.11484375
0 0.74140625 0.51171875 0.02578125 0.01640625
1 0.6828125 0.6140625 0.140625 0.23125
1 0.84453125 0.584375 0.03671875 0.18671875
1 0.9140625 0.6703125 0.040625 0.10703125
0 0.21875 0.51875 0.01484375 0.09609375
0 0.58046875 0.5515625 0.06015625 0.15546875
0 0.48515625 0.57421875 0.109375 0.20390625
0 0.309375 0.5796875 0.21875 0.178125
0 0.60078125 0.67109375 0.01875 0.02421875
1 0.44140625 0.7 0.053125 0.05546875