1 0.4859375 0.36015625 0.96796875 0.71328125
0 0.753125 0.5109375 0.13515625 0.16796875
0 0.5671875 0.5 0.0625 0.071875
0 0.2453125 0.625 0.04609375 0.065625
0 0.4765625 0.5984375 0.05078125 0.125
0 0.3671875 0.82578125 0.0890625 0.0375
0 0.52890625 0.75703125 0.03046875 0.06875
0 0.53515625 0.85234375 0.12265625 0.053125
0 0.70546875 0.9015625 0.07265625 0.053125
0 0.89609375 0.440625 0.1390625 0.20859375
0 0.571875 0.71484375 0.03828125 0.034375
0 0.22265625 0.79296875 0.13515625 0.14609375
1 0.965625 0.4125 0.040625 0.059375
1 0.084375 0.72890625 0.08046875 0.23671875
1 0.746875 0.83203125 0.08671875 0.1
1 0.26171875 0.8890625 0.07265625 0.078125