0 0.79921875 0.90078125 0.0609375 0.05078125
0 0.67578125 0.84765625 0.0359375 0.04296875
0 0.24921875 0.77265625 0.0296875 0.028125
0 0.37890625 0.56796875 0.0453125 0.06796875
0 0.46171875 0.08203125 0.0328125 0.028125
0 0.2859375 0.42890625 0.075 0.0625
0 0.24609375 0.32109375 0.0296875 0.034375
0 0.1140625 0.36640625 0.06875 0.05703125
0 0.59453125 0.27265625 0.0484375 0.0453125
0 0.40546875 0.92578125 0.0546875 0.034375
0 0.46640625 0.44140625 0.0390625 0.059375
0 0.59375 0.8609375 0.040625 0.034375
0 0.50234375 0.5140625 0.0265625 0.028125
0 0.4265625 0.28125 0.025 0.034375
0 0.29609375 0.7640625 0.0296875 0.028125
0 0.5015625 0.36484375 0.03125 0.02578125
1 0.32265625 0.71015625 0.2578125 0.43203125
1 0.82578125 0.7984375 0.1984375 0.2328125
1 0.2921875 0.315625 0.125 0.221875
1 0.0765625 0.296875 0.10625 0.1734375
1 0.475 0.43203125 0.13125 0.14765625