1 0.709375 0.328125 0.58125 0.3890625
1 0.2390625 0.5125 0.359375 0.39140625
0 0.8875 0.46796875 0.05625 0.053125
0 0.6859375 0.49453125 0.065625 0.1390625
0 0.32421875 0.603125 0.1015625 0.178125
0 0.20234375 0.60390625 0.0234375 0.0359375
0 0.60625 0.62890625 0.10625 0.11953125
0 0.51171875 0.659375 0.0453125 0.053125
0 0.3640625 0.678125 0.046875 0.0390625
0 0.1578125 0.69609375 0.09375 0.0359375
0 0.52890625 0.50546875 0.0765625 0.05546875
0 0.77890625 0.4265625 0.0296875 0.01953125
0 0.47734375 0.6765625 0.0203125 0.025
0 0.45546875 0.63046875 0.0171875 0.05