0 0.4625 0.88984375 0.0484375 0.08671875
0 0.1984375 0.85703125 0.134375 0.275
0 0.0796875 0.98515625 0.040625 0.0296875
0 0.89609375 0.81484375 0.12421875 0.196875
0 0.9078125 0.584375 0.08671875 0.1765625
0 0.50390625 0.35 0.9921875 0.6984375
0 0.63515625 0.47421875 0.33515625 0.14765625
0 0.4984375 0.65625 0.18125 0.21015625
0 0.3984375 0.82265625 0.0359375 0.028125
0 0.74296875 0.5921875 0.0890625 0.09140625
0 0.73671875 0.728125 0.0515625 0.02890625
0 0.77734375 0.93359375 0.05390625 0.0703125