0 0.175 0.0640625 0.03984375 0.1140625
0 0.4140625 0.175 0.0515625 0.14296875
0 0.48984375 0.175 0.06015625 0.1359375
0 0.6390625 0.2140625 0.06640625 0.14296875
0 0.73828125 0.45859375 0.034375 0.08203125
0 0.95 0.4140625 0.04921875 0.10703125
0 0.4640625 0.45 0.04921875 0.0859375
0 0.22265625 0.4359375 0.04296875 0.0859375
0 0.08515625 0.39609375 0.04296875 0.05703125
0 0.40546875 0.89609375 0.0515625 0.07109375
0 0.61484375 0.89453125 0.0515625 0.075
0 0.93125 0.76953125 0.04609375 0.06796875
0 0.21953125 0.7625 0.04921875 0.0609375
0 0.46015625 0.81796875 0.0515625 0.05