0 0.79296875 0.1140625 0.14765625 0.225
0 0.53515625 0.13359375 0.13359375 0.2203125
0 0.31953125 0.17265625 0.16015625 0.2328125
0 0.08125 0.234375 0.1625 0.1375
0 0.7875 0.44609375 0.05234375 0.2796875
0 0.8375 0.5484375 0.06875 0.159375
0 0.79609375 0.63984375 0.01640625 0.0265625
0 0.809375 0.73984375 0.025 0.0234375
0 0.53359375 0.45859375 0.15234375 0.3453125
0 0.51953125 0.665625 0.11171875 0.065625
0 0.28359375 0.490625 0.134375 0.434375
0 0.05625 0.5296875 0.1125 0.23125
0 0.0875 0.68203125 0.07734375 0.0609375
0 0.07421875 0.7609375 0.04453125 0.01875
0 0.25859375 0.759375 0.02421875 0.0125
0 0.56171875 0.75234375 0.01328125 0.0140625