0 0.98046875 0.50703125 0.01796875 0.0640625
0 0.96796875 0.74140625 0.028125 0.10390625
0 0.921875 0.6234375 0.01796875 0.08203125
0 0.85390625 0.61953125 0.03046875 0.20390625
0 0.88984375 0.4859375 0.015625 0.02890625
0 0.77421875 0.4765625 0.01015625 0.03203125
0 0.7421875 0.73046875 0.028125 0.1609375
0 0.79375 0.56953125 0.01796875 0.08203125
0 0.68828125 0.5875 0.01796875 0.08203125
0 0.62421875 0.50546875 0.01796875 0.08203125
0 0.55234375 0.5484375 0.01796875 0.08203125
0 0.4578125 0.54609375 0.0234375 0.07890625
0 0.571875 0.75 0.0203125 0.12109375
0 0.65546875 0.70859375 0.01796875 0.08203125
0 0.384375 0.49609375 0.0203125 0.05703125
0 0.35546875 0.70703125 0.0234375 0.07890625
0 0.44140625 0.74609375 0.0203125 0.12109375
0 0.50859375 0.68359375 0.01796875 0.08203125
0 0.321875 0.5890625 0.0234375 0.07890625
0 0.215625 0.56953125 0.0203125 0.075
0 0.034375 0.7375 0.03359375 0.11796875
0 0.1515625 0.61640625 0.03046875 0.20390625
0 0.265625 0.7265625 0.028125 0.1609375
0 0.71640625 0.4890625 0.01796875 0.05
0 0.50859375 0.4859375 0.01796875 0.05
0 0.29140625 0.47890625 0.01796875 0.05
0 0.0234375 0.5015625 0.0203125 0.05390625
0 0.57421875 0.4734375 0.01015625 0.03203125
0 0.4359375 0.46640625 0.01015625 0.03203125
0 0.23046875 0.46953125 0.01015625 0.03203125
0 0.1125 0.4734375 0.01015625 0.03203125
0 0.08203125 0.61953125 0.0203125 0.08203125