0 0.7265625 0.18203125 0.0328125 0.15703125
0 0.2890625 0.1734375 0.0484375 0.18203125
0 0.1234375 0.72890625 0.04296875 0.09296875
0 0.39453125 0.7234375 0.0359375 0.1609375
0 0.5546875 0.71796875 0.03046875 0.15
0 0.4296875 0.175 0.0359375 0.1640625
0 0.87265625 0.4265625 0.08671875 0.18203125
0 0.7125 0.72890625 0.0359375 0.17890625
0 0.8609375 0.18203125 0.0484375 0.14296875
0 0.871875 0.73046875 0.03828125 0.20390625
0 0.14765625 0.17109375 0.0359375 0.1640625
0 0.1625 0.4375 0.05625 0.13203125
0 0.54453125 0.45859375 0.05625 0.13203125
0 0.57890625 0.1765625 0.04296875 0.1609375
0 0.70703125 0.44453125 0.121875 0.16796875
0 0.275 0.4609375 0.05625 0.12109375
0 0.41953125 0.45390625 0.05625 0.12109375
0 0.271875 0.74140625 0.05078125 0.06796875