0 0.565625 0.76796875 0.20703125 0.25703125
0 0.8234375 0.31171875 0.06875 0.2515625
0 0.3984375 0.73515625 0.0546875 0.07109375
0 0.2671875 0.8390625 0.0546875 0.08203125
0 0.3765625 0.4703125 0.0984375 0.1640625
0 0.034375 0.5984375 0.06875 0.28984375
0 0.1015625 0.53828125 0.02890625 0.07109375
0 0.0890625 0.82265625 0.03984375 0.06015625
0 0.12578125 0.67734375 0.10546875 0.153125
0 0.3578125 0.62578125 0.04765625 0.08203125
0 0.28203125 0.609375 0.03984375 0.09296875
0 0.58203125 0.478125 0.021875 0.09296875