0 0.34765625 0.240625 0.5578125 0.4703125
0 0.81328125 0.5328125 0.15546875 0.12578125
0 0.6609375 0.12578125 0.0328125 0.240625
0 0.7625 0.0546875 0.090625 0.0875
0 0.80078125 0.19375 0.159375 0.23515625
0 0.94765625 0.10078125 0.06875 0.10390625
0 0.52734375 0.5953125 0.07578125 0.065625
0 0.115625 0.5875 0.1015625 0.06015625
0 0.20859375 0.59296875 0.07578125 0.07109375
0 0.38046875 0.59296875 0.02890625 0.02734375
0 0.98203125 0.65859375 0.0359375 0.06015625
0 0.98515625 0.478125 0.02890625 0.04921875