0 0.90078125 0.50859375 0.07265625 0.14609375
0 0.884375 0.7765625 0.0578125 0.15390625
0 0.7296875 0.50703125 0.0578125 0.15
0 0.71015625 0.76953125 0.06796875 0.1390625
0 0.54609375 0.79140625 0.06796875 0.14609375
0 0.53359375 0.5109375 0.0625 0.17109375
0 0.35234375 0.5109375 0.06796875 0.17109375
0 0.13984375 0.50546875 0.06796875 0.15390625
0 0.1453125 0.76640625 0.0578125 0.16796875
0 0.34296875 0.76953125 0.08671875 0.16796875
0 0.89609375 0.30859375 0.04375 0.0390625
0 0.725 0.29609375 0.0484375 0.05
0 0.53828125 0.3 0.04375 0.05703125
0 0.35234375 0.29140625 0.0484375 0.06796875
0 0.15703125 0.2984375 0.053125 0.08203125
0 0.1546875 0.10859375 0.06796875 0.0609375
0 0.37421875 0.10703125 0.07265625 0.05
0 0.54140625 0.1109375 0.03828125 0.05703125
0 0.72734375 0.11796875 0.053125 0.05
0 0.87890625 0.1265625 0.03828125 0.0390625