0 0.65234375 0.240625 0.5578125 0.4703125
0 0.18671875 0.5328125 0.15546875 0.12578125
0 0.3390625 0.12578125 0.0328125 0.240625
0 0.2375 0.0546875 0.090625 0.0875
0 0.19921875 0.19375 0.159375 0.23515625
0 0.05234375 0.10078125 0.06875 0.10390625
0 0.47265625 0.5953125 0.07578125 0.065625
0 0.884375 0.5875 0.1015625 0.06015625
0 0.79140625 0.59296875 0.07578125 0.07109375
0 0.61953125 0.59296875 0.02890625 0.02734375
0 0.01796875 0.65859375 0.0359375 0.06015625
0 0.01484375 0.478125 0.02890625 0.04921875