0 0.09921875 0.50859375 0.07265625 0.14609375
0 0.115625 0.7765625 0.0578125 0.15390625
0 0.2703125 0.50703125 0.0578125 0.15
0 0.28984375 0.76953125 0.06796875 0.1390625
0 0.45390625 0.79140625 0.06796875 0.14609375
0 0.46640625 0.5109375 0.0625 0.17109375
0 0.64765625 0.5109375 0.06796875 0.17109375
0 0.86015625 0.50546875 0.06796875 0.15390625
0 0.8546875 0.76640625 0.0578125 0.16796875
0 0.65703125 0.76953125 0.08671875 0.16796875
0 0.10390625 0.30859375 0.04375 0.0390625
0 0.275 0.29609375 0.0484375 0.05
0 0.46171875 0.3 0.04375 0.05703125
0 0.64765625 0.29140625 0.0484375 0.06796875
0 0.84296875 0.2984375 0.053125 0.08203125
0 0.8453125 0.10859375 0.06796875 0.0609375
0 0.62578125 0.10703125 0.07265625 0.05
0 0.45859375 0.1109375 0.03828125 0.05703125
0 0.27265625 0.11796875 0.053125 0.05
0 0.12109375 0.1265625 0.03828125 0.0390625