0 0.4109375 0.67421875 0.18125 0.1875
0 0.7203125 0.67578125 0.18359375 0.20546875
0 0.2765625 0.47890625 0.103125 0.11953125
0 0.1796875 0.33203125 0.3359375 0.2109375
0 0.615625 0.2953125 0.16796875 0.0546875
0 0.8859375 0.359375 0.228125 0.13046875
0 0.39140625 0.36875 0.0453125 0.06484375
0 0.43359375 0.30078125 0.125 0.04921875
0 0.43671875 0.475 0.084375 0.12734375
0 0.85625 0.63828125 0.0484375 0.0625
0 0.8796875 0.53359375 0.0640625 0.08359375
0 0.71171875 0.41171875 0.0375 0.08828125
0 0.67578125 0.4078125 0.03125 0.03359375
0 0.43359375 0.35390625 0.03125 0.0625