0 0.10234375 0.340625 0.0640625 0.09921875
0 0.31015625 0.47578125 0.2921875 0.55546875
0 0.67890625 0.37109375 0.32578125 0.7359375
0 0.25390625 0.86171875 0.05625 0.0484375
0 0.47265625 0.5296875 0.06171875 0.20703125
0 0.10390625 0.7296875 0.08828125 0.1203125
0 0.08828125 0.43828125 0.0359375 0.05390625
0 0.45625 0.82578125 0.084375 0.0296875
0 0.62265625 0.8859375 0.034375 0.071875
0 0.67421875 0.93828125 0.05234375 0.1234375
0 0.81171875 0.90703125 0.1203125 0.05390625
0 0.27109375 0.91015625 0.03828125 0.0484375
0 0.315625 0.13046875 0.0640625 0.13515625