0 0.4234375 0.69296875 0.15625 0.425
0 0.41328125 0.24609375 0.1015625 0.396875
0 0.04375 0.66953125 0.084375 0.2390625
0 0.2203125 0.371875 0.05 0.11640625
0 0.74921875 0.30546875 0.0671875 0.2109375
0 0.13828125 0.4390625 0.0265625 0.13359375
0 0.59140625 0.55703125 0.0609375 0.096875
0 0.57734375 0.375 0.1046875 0.16640625
0 0.51796875 0.62109375 0.0640625 0.10859375
0 0.53359375 0.7234375 0.0171875 0.04140625
0 0.50234375 0.76953125 0.0171875 0.04453125
0 0.44921875 0.84296875 0.0171875 0.0359375
0 0.66015625 0.3375 0.0359375 0.1140625