0 0.12421875 0.09453125 0.0515625 0.06796875
0 0.3203125 0.10390625 0.06015625 0.05703125
0 0.51484375 0.09140625 0.05546875 0.06796875
0 0.11953125 0.33359375 0.04296875 0.13203125
0 0.13046875 0.58359375 0.05546875 0.08203125
0 0.121875 0.79453125 0.046875 0.09609375
0 0.3265625 0.3375 0.05546875 0.1109375
0 0.31640625 0.59296875 0.0765625 0.05
0 0.3265625 0.8 0.05546875 0.0859375
0 0.51484375 0.3390625 0.03828125 0.1
0 0.5171875 0.57890625 0.06015625 0.07109375
0 0.52578125 0.79609375 0.06015625 0.09296875
0 0.696875 0.08203125 0.0515625 0.07109375
0 0.70546875 0.3375 0.06015625 0.075
0 0.69453125 0.56953125 0.046875 0.0609375
0 0.715625 0.7859375 0.05546875 0.07890625
0 0.865625 0.1 0.0640625 0.05
0 0.86953125 0.3375 0.03828125 0.0609375
0 0.8890625 0.5609375 0.04296875 0.10703125
0 0.89765625 0.7984375 0.06015625 0.08203125