0 0.44609375 0.5765625 0.025 0.06796875
0 0.2 0.5234375 0.0296875 0.075
0 0.6546875 0.5484375 0.025 0.05390625
0 0.91171875 0.53203125 0.025 0.05703125
0 0.95234375 0.3375 0.04453125 0.09609375
0 0.25859375 0.5 0.03359375 0.05703125
0 0.03984375 0.50390625 0.0296875 0.05703125
0 0.4640625 0.5140625 0.03125 0.05703125
0 0.4359375 0.49296875 0.0296875 0.05
0 0.8828125 0.4890625 0.02734375 0.05703125
0 0.821875 0.44453125 0.03984375 0.075
0 0.63828125 0.4265625 0.03828125 0.06796875
0 0.0125 0.33359375 0.025 0.10390625
0 0.296875 0.44609375 0.0421875 0.07890625