0 0.440625 0.5671875 0.29765625 0.30234375
0 0.415625 0.8484375 0.0890625 0.0421875
0 0.60390625 0.82109375 0.0703125 0.05234375
0 0.83828125 0.40390625 0.3171875 0.66796875
0 0.890625 0.7859375 0.21875 0.11953125
0 0.38828125 0.22421875 0.1390625 0.2671875
0 0.7234375 0.8296875 0.07734375 0.03984375
0 0.53828125 0.82734375 0.02421875 0.03984375
0 0.45703125 0.7609375 0.028125 0.0484375
0 0.39140625 0.775 0.02265625 0.0421875
0 0.2453125 0.6875 0.03125 0.03828125
0 0.6421875 0.603125 0.07265625 0.16015625