0 0.94609375 0.2859375 0.06171875 0.15703125
0 0.87421875 0.41640625 0.0765625 0.1890625
0 0.74375 0.63359375 0.10234375 0.2109375
0 0.565625 0.5109375 0.06953125 0.1859375
0 0.334375 0.6359375 0.084375 0.25
0 0.05859375 0.50390625 0.06640625 0.20703125
0 0.3796875 0.3640625 0.05625 0.1640625
0 0.45859375 0.24453125 0.06640625 0.1390625
0 0.22578125 0.2625 0.0921875 0.175
0 0.0234375 0.37109375 0.04609375 0.1859375
0 0.67578125 0.3375 0.06953125 0.125
0 0.8421875 0.2265625 0.06953125 0.125
0 0.75390625 0.1859375 0.071875 0.12890625
0 0.07421875 0.20546875 0.071875 0.13203125
0 0.30859375 0.12890625 0.0640625 0.1140625
0 0.42578125 0.11640625 0.071875 0.125