0 0.871875 0.359375 0.0453125 0.1421875
0 0.93125 0.7203125 0.1328125 0.09375
0 0.7984375 0.046875 0.03515625 0.0796875
0 0.74609375 0.3734375 0.14453125 0.53828125
0 0.65 0.2671875 0.0390625 0.35390625
0 0.2265625 0.36796875 0.26171875 0.72890625
0 0.696875 0.8921875 0.14453125 0.153125
0 0.29609375 0.86484375 0.1546875 0.16640625
0 0.51640625 0.7984375 0.05625 0.1390625
0 0.453125 0.6703125 0.18359375 0.10390625
0 0.478125 0.30234375 0.07421875 0.10390625
0 0.590625 0.596875 0.053125 0.08359375