0 0.18359375 0.24765625 0.21875 0.459375
0 0.0953125 0.77734375 0.0171875 0.02578125
0 0.19375 0.7765625 0.0265625 0.028125
0 0.83203125 0.55078125 0.21875 0.3265625
0 0.925 0.63125 0.01015625 0.02734375
0 0.9109375 0.6296875 0.0078125 0.02421875
0 0.89453125 0.63046875 0.00625 0.02421875
0 0.8765625 0.628125 0.0078125 0.0265625
0 0.9265625 0.69140625 0.00703125 0.02421875
0 0.91015625 0.690625 0.00703125 0.02421875
0 0.89375 0.68984375 0.00625 0.03046875
0 0.87734375 0.690625 0.00703125 0.02734375
0 0.9265625 0.7515625 0.00703125 0.021875
0 0.9109375 0.753125 0.00625 0.02265625
0 0.89609375 0.76484375 0.0109375 0.05625
0 0.8796875 0.7515625 0.00625 0.02734375
0 0.8515625 0.75234375 0.01640625 0.03046875
0 0.81484375 0.75234375 0.01484375 0.03046875
0 0.8140625 0.68984375 0.0125 0.02734375
0 0.77578125 0.69296875 0.01328125 0.02421875
0 0.77734375 0.63046875 0.01171875 0.02734375
0 0.778125 0.75234375 0.01171875 0.03203125
0 0.73828125 0.7578125 0.02109375 0.040625
0 0.709375 0.57109375 0.009375 0.0265625
0 0.7109375 0.6296875 0.00546875 0.03203125
0 0.71171875 0.69453125 0.00859375 0.02265625
0 0.7125 0.75625 0.00625 0.03046875
0 0.6921875 0.75546875 0.0125 0.03046875
0 0.6703125 0.7671875 0.01171875 0.05390625
0 0.66953125 0.69375 0.009375 0.02734375
0 0.6921875 0.690625 0.00546875 0.0234375
0 0.69140625 0.62734375 0.0109375 0.03046875
0 0.690625 0.56171875 0.00859375 0.02734375
0 0.66875 0.56328125 0.01171875 0.03203125
0 0.64765625 0.5609375 0.009375 0.0234375
0 0.6484375 0.6234375 0.00546875 0.0265625
0 0.65 0.69296875 0.01015625 0.02109375
0 0.64765625 0.7546875 0.00859375 0.02890625
0 0.61484375 0.75546875 0.02421875 0.03515625
0 0.58359375 0.7578125 0.0171875 0.03359375
0 0.54609375 0.75546875 0.01796875 0.02890625
0 0.546875 0.69453125 0.01484375 0.03203125
0 0.509375 0.56640625 0.01953125 0.03125
0 0.51171875 0.63046875 0.015625 0.02890625
0 0.509375 0.69375 0.015625 0.0296875
0 0.509375 0.759375 0.015625 0.02734375
0 0.41328125 0.64375 0.0109375 0.02421875
0 0.4125 0.70546875 0.0078125 0.02734375
0 0.41171875 0.76875 0.01171875 0.02578125
0 0.43828125 0.7671875 0.01640625 0.05078125
0 0.3875 0.7671875 0.015625 0.02578125
0 0.38515625 0.70859375 0.01171875 0.02421875
0 0.38515625 0.64453125 0.0109375 0.021875
0 0.35234375 0.6453125 0.01484375 0.02578125
0 0.321875 0.64375 0.0109375 0.02109375
0 0.2921875 0.64765625 0.0078125 0.02109375
0 0.265625 0.6484375 0.01015625 0.0203125
0 0.234375 0.65 0.009375 0.01953125
0 0.2328125 0.70703125 0.0078125 0.028125
0 0.5140625 0.41171875 0.403125 0.775