0 0.5859375 0.84609375 0.0859375 0.03671875
0 0.39375 0.821875 0.053125 0.0546875
0 0.1625 0.7875 0.3203125 0.13828125
0 0.546875 0.5640625 0.30078125 0.31015625
0 0.6109375 0.2046875 0.1328125 0.25234375
0 0.14765625 0.39296875 0.290625 0.64609375
0 0.4578125 0.83203125 0.025 0.02890625
0 0.54609375 0.76171875 0.0328125 0.0546875
0 0.615625 0.7671875 0.02734375 0.0234375
0 0.7484375 0.6796875 0.0234375 0.02109375
0 0.36015625 0.60390625 0.0640625 0.15625
0 0.31953125 0.69296875 0.025 0.04140625