0 0.93828125 0.70390625 0.11953125 0.16484375
0 0.5078125 0.74296875 0.6515625 0.42109375
0 0.04453125 0.52734375 0.0890625 0.1984375
0 0.03828125 0.16640625 0.034375 0.04140625
0 0.51796875 0.1984375 0.01875 0.39453125
0 0.4734375 0.146875 0.00859375 0.29296875
0 0.46015625 0.24921875 0.00703125 0.3875
0 0.43046875 0.23359375 0.01875 0.465625
0 0.30078125 0.49765625 0.253125 0.50390625
0 0.465625 0.578125 0.03125 0.05625
0 0.971875 0.378125 0.01796875 0.03203125
0 0.8625 0.3359375 0.0125 0.04921875
0 0.73515625 0.41171875 0.0265625 0.05
0 0.03671875 0.21015625 0.01484375 0.028125
0 0.03203125 0.70859375 0.0640625 0.0734375