0 0.7296875 0.53125 0.121875 0.1484375
0 0.65 0.1515625 0.121875 0.11640625
0 0.0359375 0.33828125 0.06640625 0.11328125
0 0.14765625 0.33359375 0.0734375 0.07890625
0 0.2875 0.26328125 0.1265625 0.0765625
0 0.15078125 0.13828125 0.04453125 0.059375
0 0.2546875 0.146875 0.0734375 0.06640625
1 0.5359375 0.10625 0.80859375 0.20234375
0 0.62421875 0.421875 0.053125 0.0640625
0 0.5953125 0.50234375 0.0625 0.071875
0 0.6234375 0.62578125 0.078125 0.09140625
0 0.20546875 0.46171875 0.0375 0.04453125
0 0.1046875 0.67890625 0.07578125 0.03984375
0 0.31328125 0.44296875 0.07109375 0.1015625
0 0.84921875 0.2578125 0.1203125 0.06640625
0 0.39765625 0.59375 0.20859375 0.18984375