0 0.7796875 0.8109375 0.15234375 0.27421875
0 0.8953125 0.6375 0.05625 0.15625
0 0.96953125 0.58515625 0.0609375 0.1421875
0 0.4296875 0.71328125 0.15625 0.38515625
0 0.184375 0.7203125 0.303125 0.371875
0 0.44921875 0.2625 0.16796875 0.378125
1 0.92265625 0.1734375 0.1546875 0.340625
0 0.96484375 0.91484375 0.06640625 0.0796875
0 0.80546875 0.6078125 0.0640625 0.090625
1 0.265625 0.27265625 0.1953125 0.46875
0 0.60625 0.83671875 0.146875 0.18046875
0 0.6015625 0.61640625 0.1328125 0.16328125
0 0.9796875 0.784375 0.040625 0.06953125
0 0.89375 0.88203125 0.0640625 0.125
0 0.60625 0.38515625 0.1421875 0.19453125
0 0.77265625 0.28828125 0.1546875 0.3890625
0 0.928125 0.35078125 0.140625 0.3125
1 0.6671875 0.1421875 0.4 0.27109375
1 0.09453125 0.14921875 0.1859375 0.284375