0 0.76015625 0.5265625 0.0984375 0.27265625
0 0.6109375 0.1453125 0.18125 0.28515625
0 0.3046875 0.3109375 0.13125 0.1125
0 0.2140625 0.45859375 0.0625 0.15234375
1 0.29921875 0.4953125 0.4359375 0.98515625
1 0.790625 0.3421875 0.11875 0.41015625
0 0.68125 0.3453125 0.01875 0.08515625
0 0.359375 0.7484375 0.13125 0.1125
0 0.184375 0.79140625 0.13125 0.1125
0 0.4484375 0.5265625 0.13125 0.1125
0 0.25 0.63125 0.13125 0.1125
0 0.353125 0.6109375 0.13125 0.1125
0 0.32421875 0.42890625 0.0734375 0.1171875