0 0.4421875 0.440625 0.090625 0.19921875
0 0.509375 0.8 0.12890625 0.140625
0 0.79765625 0.39765625 0.034375 0.0859375
0 0.825 0.790625 0.05859375 0.084375
0 0.0796875 0.7421875 0.071875 0.0953125
0 0.1703125 0.61640625 0.0875 0.0578125
1 0.540625 0.31875 0.9171875 0.634375
1 0.3234375 0.9328125 0.184375 0.134375
1 0.60546875 0.878125 0.07578125 0.0859375
1 0.453125 0.30546875 0.1765625 0.2140625
1 0.39609375 0.125 0.09140625 0.121875
1 0.51015625 0.6625 0.09453125 0.21796875
1 0.1609375 0.51484375 0.321875 0.48984375
1 0.35 0.65 0.12578125 0.18984375