0 0.6578125 0.81484375 0.34765625 0.1703125
0 0.32265625 0.8484375 0.121875 0.16328125
0 0.56171875 0.51328125 0.3359375 0.2203125
0 0.81328125 0.696875 0.0859375 0.19296875
0 0.6796875 0.38203125 0.12421875 0.0234375
1 0.32734375 0.13359375 0.1296875 0.19296875
1 0.73125 0.1796875 0.11015625 0.353125
0 0.18203125 0.97109375 0.0453125 0.0578125
0 0.80234375 0.36796875 0.09609375 0.04296875
1 0.4453125 0.25703125 0.04609375 0.06640625
1 0.5828125 0.24296875 0.078125 0.09296875
0 0.25 0.6953125 0.015625 0.08359375
0 0.22578125 0.91328125 0.05625 0.0796875