0 0.0765625 0.52421875 0.06953125 0.05390625
0 0.1796875 0.56796875 0.109375 0.0640625
0 0.4453125 0.615625 0.02890625 0.0515625
0 0.40859375 0.6390625 0.0546875 0.03359375
0 0.7984375 0.771875 0.0421875 0.02890625
0 0.64375 0.67578125 0.01640625 0.01796875
1 0.4984375 0.51015625 0.98671875 0.60703125
0 0.259375 0.590625 0.02890625 0.02890625
0 0.28203125 0.609375 0.021875 0.01796875
0 0.3140625 0.6125 0.03046875 0.01953125
0 0.91875 0.7734375 0.07265625 0.05
0 0.7140625 0.73828125 0.01796875 0.01796875
0 0.6890625 0.73671875 0.01875 0.0265625
0 0.659375 0.72734375 0.01796875 0.02109375
0 0.565625 0.69375 0.02265625 0.0265625
0 0.540625 0.684375 0.01640625 0.02109375