0 0.4265625 0.74765625 0.08515625 0.21875
0 0.25703125 0.72109375 0.10234375 0.1828125
0 0.43515625 0.33671875 0.16484375 0.15625
0 0.5984375 0.4953125 0.125 0.17890625
0 0.13359375 0.4375 0.11640625 0.17890625
1 0.46640625 0.29453125 0.52265625 0.58046875
1 0.3125 0.3703125 0.50859375 0.57109375
0 0.42421875 0.90625 0.0359375 0.0359375
0 0.5515625 0.89296875 0.1921875 0.0625
0 0.609375 0.7921875 0.03125 0.03984375
1 0.6609375 0.6765625 0.07109375 0.17421875
0 0.2765625 0.23671875 0.08046875 0.07109375
0 0.53828125 0.6921875 0.03125 0.04453125
0 0.5734375 0.6515625 0.02265625 0.0359375
0 0.359375 0.50234375 0.04921875 0.0671875