0 0.3671875 0.54921875 0.19765625 0.14375
0 0.63828125 0.6109375 0.22421875 0.19765625
0 0.87578125 0.47734375 0.24765625 0.3359375
0 0.58125 0.2625 0.17421875 0.14140625
0 0.08125 0.28125 0.0703125 0.1625
0 0.26484375 0.32109375 0.18203125 0.19453125
1 0.10703125 0.18828125 0.19375 0.3546875
0 0.3953125 0.4109375 0.121875 0.05859375
0 0.5296875 0.48671875 0.04765625 0.0453125
0 0.5328125 0.43359375 0.02578125 0.034375
0 0.61171875 0.415625 0.04375 0.05859375
0 0.01171875 0.3625 0.0203125 0.05859375
1 0.58984375 0.16640625 0.24375 0.25859375
1 0.78828125 0.5359375 0.215625 0.17578125
0 0.19609375 0.475 0.071875 0.03203125
0 0.56875 0.44765625 0.01796875 0.0265625