0 0.4796875 0.67890625 0.09296875 0.20234375
0 0.54453125 0.41875 0.02421875 0.12109375
0 0.8625 0.47421875 0.1375 0.16171875
0 0.36953125 0.52890625 0.07890625 0.3640625
0 0.16015625 0.45703125 0.14765625 0.38125
1 0.8609375 0.2453125 0.278125 0.4796875
1 0.3765625 0.1359375 0.6703125 0.26015625
0 0.1203125 0.22578125 0.04140625 0.0921875
1 0.07578125 0.58359375 0.14453125 0.41640625
1 0.553125 0.43359375 0.23359375 0.35859375
1 0.32265625 0.37578125 0.1921875 0.23125
0 0.25390625 0.4859375 0.0890625 0.08125