1 0.49921875 0.1640625 0.9890625 0.3109375
0 0.734375 0.12109375 0.11875 0.2359375
0 0.5140625 0.25 0.115625 0.10546875
0 0.61953125 0.1765625 0.0328125 0.046875
0 0.534375 0.121875 0.021875 0.05
0 0.65625 0.2140625 0.028125 0.0390625
0 0.015625 0.3640625 0.028125 0.05
0 0.18828125 0.18046875 0.0234375 0.0390625
0 0.22890625 0.2640625 0.0234375 0.03359375
0 0.37734375 0.28046875 0.0234375 0.03359375
0 0.071875 0.35859375 0.046875 0.05
0 0.11171875 0.30546875 0.0390625 0.0890625
0 0.16484375 0.27109375 0.0359375 0.0640625
0 0.25859375 0.28359375 0.0203125 0.028125
0 0.80703125 0.08046875 0.0234375 0.0609375
0 0.6515625 0.03046875 0.05625 0.05
0 0.5578125 0.090625 0.021875 0.053125
0 0.58828125 0.1359375 0.0171875 0.0390625
0 0.6046875 0.253125 0.021875 0.03359375