0 0.17734375 0.51796875 0.35234375 0.1765625
1 0.240625 0.4078125 0.1890625 0.23828125
1 0.60078125 0.2859375 0.26640625 0.45859375
0 0.70078125 0.60625 0.5984375 0.55
0 0.06015625 0.68515625 0.0375 0.13984375
0 0.1015625 0.6859375 0.03515625 0.14140625
0 0.14375 0.684375 0.03515625 0.13515625
0 0.1859375 0.68359375 0.03125 0.13671875
0 0.2484375 0.653125 0.0265625 0.03671875
0 0.3140625 0.65 0.0265625 0.03671875
0 0.28515625 0.790625 0.08984375 0.19140625
0 0.0515625 0.83984375 0.02265625 0.03359375
0 0.12265625 0.83515625 0.02265625 0.0296875
0 0.1890625 0.8375 0.02890625 0.0453125