0 0.18046875 0.4546875 0.08359375 0.09609375
0 0.08671875 0.2359375 0.0390625 0.06484375
0 0.17109375 0.24609375 0.0421875 0.0546875
0 0.41328125 0.2734375 0.040625 0.046875
0 0.42578125 0.5453125 0.040625 0.06015625
0 0.73515625 0.71640625 0.1 0.09375
0 0.66640625 0.3765625 0.0390625 0.0546875
0 0.52578125 0.2046875 0.028125 0.0546875
0 0.73046875 0.16953125 0.04609375 0.046875
0 0.60859375 0.1328125 0.04296875 0.06796875
0 0.67890625 0.078125 0.02578125 0.04140625
0 0.309375 0.37109375 0.046875 0.0703125
0 0.325 0.4703125 0.05703125 0.0546875
0 0.528125 0.56796875 0.059375 0.07265625
0 0.58828125 0.65 0.04609375 0.06015625
0 0.634375 0.61953125 0.04609375 0.05234375
0 0.6796875 0.603125 0.0328125 0.0546875
0 0.709375 0.5765625 0.0421875 0.0390625
0 0.50859375 0.33046875 0.0625 0.08359375
0 0.2890625 0.015625 0.02421875 0.02578125
0 0.43359375 0.0625 0.03828125 0.0625
0 0.4515625 0.15625 0.046875 0.0625
0 0.59609375 0.490625 0.04609375 0.0546875
0 0.70234375 0.5015625 0.0390625 0.0546875
0 0.79140625 0.11484375 0.05625 0.05234375
0 0.47890625 0.02578125 0.0484375 0.046875
0 0.3859375 0.09375 0.034375 0.046875
0 0.890625 0.18359375 0.06640625 0.14296875
0 0.82734375 0.171875 0.0359375 0.04140625
0 0.88515625 0.071875 0.0390625 0.04453125
0 0.88828125 0.334375 0.04296875 0.1015625
0 0.91484375 0.6234375 0.08125 0.06015625
0 0.97265625 0.2875 0.0390625 0.06484375
0 0.60703125 0.3671875 0.03203125 0.05703125
1 0.175 0.15234375 0.346875 0.29921875