1 0.290625 0.328125 0.58125 0.3890625
1 0.7609375 0.5125 0.359375 0.39140625
0 0.1125 0.46796875 0.05625 0.053125
0 0.3140625 0.49453125 0.065625 0.1390625
0 0.67578125 0.603125 0.1015625 0.178125
0 0.79765625 0.60390625 0.0234375 0.0359375
0 0.39375 0.62890625 0.10625 0.11953125
0 0.48828125 0.659375 0.0453125 0.053125
0 0.6359375 0.678125 0.046875 0.0390625
0 0.8421875 0.69609375 0.09375 0.0359375
0 0.47109375 0.50546875 0.0765625 0.05546875
0 0.22109375 0.4265625 0.0296875 0.01953125
0 0.52265625 0.6765625 0.0203125 0.025
0 0.54453125 0.63046875 0.0171875 0.05