0 0.18046875 0.63984375 0.07421875 0.11328125
1 0.50078125 0.25546875 0.75625 0.49765625
0 0.0984375 0.65859375 0.0484375 0.11953125
0 0.259375 0.66796875 0.0125 0.15859375
0 0.3734375 0.5796875 0.1109375 0.15234375
0 0.63125 0.409375 0.2015625 0.1703125
0 0.79765625 0.56328125 0.12109375 0.2671875
0 0.9125 0.6421875 0.06171875 0.2515625
0 0.4390625 0.3890625 0.125 0.146875
0 0.6140625 0.53984375 0.06953125 0.16015625
0 0.20234375 0.503125 0.02421875 0.0375
0 0.2859375 0.4171875 0.02734375 0.071875
0 0.27421875 0.5203125 0.025 0.04296875