0 0.1125 0.8578125 0.0796875 0.153125
0 0.421875 0.5984375 0.109375 0.19140625
0 0.54921875 0.71875 0.04375 0.06015625
0 0.7765625 0.62265625 0.1421875 0.2515625
1 0.34375 0.2734375 0.59296875 0.53515625
0 0.32734375 0.74609375 0.05078125 0.16953125
0 0.90703125 0.6640625 0.0765625 0.24609375
0 0.9109375 0.85234375 0.06171875 0.04375
0 0.9671875 0.60390625 0.065625 0.22421875
0 0.19453125 0.77578125 0.03984375 0.1421875
1 0.8453125 0.15859375 0.18515625 0.2953125
0 0.65625 0.609375 0.02578125 0.03828125
0 0.5546875 0.9234375 0.02578125 0.04375