0 0.49296875 0.5015625 0.41328125 0.4140625
0 0.1875 0.7375 0.02578125 0.04609375
0 0.246875 0.7140625 0.04609375 0.0625
0 0.21171875 0.88125 0.0203125 0.19140625
0 0.259375 0.8359375 0.04375 0.12890625
0 0.328125 0.84453125 0.02578125 0.17421875
0 0.3734375 0.834375 0.021875 0.17109375
0 0.50625 0.796875 0.0625 0.2515625
0 0.621875 0.84140625 0.10859375 0.2484375
0 0.5328125 0.95546875 0.0421875 0.03125
0 0.73984375 0.8140625 0.0390625 0.17109375
0 0.7921875 0.4375 0.05234375 0.12578125
1 0.85234375 0.5375 0.20703125 0.62265625
0 0.73984375 0.54296875 0.0359375 0.03984375
0 0.50078125 0.23984375 0.20859375 0.29140625
1 0.4796875 0.3359375 0.521875 0.66015625