0 0.61640625 0.85546875 0.1203125 0.08203125
0 0.1109375 0.5984375 0.15625 0.10390625
0 0.02734375 0.27890625 0.04765625 0.1203125
0 0.24921875 0.6640625 0.10546875 0.03828125
0 0.18203125 0.9125 0.065625 0.0328125
0 0.40703125 0.8359375 0.021875 0.0546875
0 0.14375 0.84453125 0.04765625 0.04921875
0 0.2671875 0.8359375 0.0328125 0.0546875
1 0.74765625 0.30078125 0.36015625 0.2734375
0 0.01796875 0.4703125 0.02890625 0.065625
0 0.39609375 0.34453125 0.09453125 0.0875
0 0.23828125 0.47265625 0.0328125 0.04921875
0 0.63828125 0.69921875 0.24375 0.0546875