0 0.77890625 0.5390625 0.43671875 0.35625
0 0.22734375 0.821875 0.2125 0.25625
1 0.4984375 0.26875 0.996875 0.53203125
0 0.02265625 0.896875 0.0453125 0.09296875
0 0.03203125 0.50703125 0.0578125 0.040625
0 0.57890625 0.89296875 0.11484375 0.090625
0 0.390625 0.865625 0.0484375 0.05
0 0.8984375 0.76953125 0.190625 0.04765625
0 0.42421875 0.8078125 0.06640625 0.04765625
0 0.51796875 0.81328125 0.06640625 0.059375
0 0.62265625 0.8171875 0.0515625 0.05234375
0 0.7484375 0.8703125 0.07265625 0.0828125
0 0.4578125 0.54296875 0.0421875 0.0359375