0 0.878125 0.828125 0.04375 0.0640625
1 0.4375 0.27890625 0.87265625 0.553125
0 0.14140625 0.5234375 0.14765625 0.06015625
0 0.18671875 0.4234375 0.05859375 0.046875
0 0.36953125 0.4640625 0.23125 0.1375
0 0.44140625 0.5546875 0.1953125 0.05078125
0 0.6515625 0.63203125 0.21640625 0.22421875
0 0.6296875 0.8375 0.05859375 0.0578125
0 0.1765625 0.6390625 0.0984375 0.05078125
0 0.575 0.43125 0.0328125 0.021875
0 0.3265625 0.7265625 0.1640625 0.1203125
0 0.446875 0.815625 0.1015625 0.09765625
0 0.2265625 0.9421875 0.13359375 0.115625