0 0.5390625 0.3421875 0.4265625 0.675
0 0.471875 0.7375 0.22265625 0.075
0 0.8625 0.69765625 0.16796875 0.10859375
0 0.98125 0.615625 0.03671875 0.09140625
0 0.12421875 0.80078125 0.071875 0.115625
0 0.78984375 0.825 0.1015625 0.04453125
0 0.275 0.86015625 0.0625 0.03515625
0 0.11015625 0.89140625 0.0234375 0.02578125
0 0.08828125 0.76328125 0.02421875 0.0546875
1 0.44140625 0.3703125 0.88046875 0.72421875
0 0.6390625 0.78828125 0.0734375 0.159375
0 0.46328125 0.8359375 0.10390625 0.10859375
0 0.3625 0.8359375 0.01328125 0.03828125
0 0.05625 0.903125 0.03203125 0.03046875