0 0.7578125 0.6625 0.046875 0.0546875
0 0.0140625 0.59609375 0.02734375 0.05703125
0 0.84453125 0.46640625 0.0875 0.04140625
0 0.684375 0.259375 0.0875 0.20546875
0 0.61328125 0.65625 0.05078125 0.04140625
0 0.6671875 0.61328125 0.05625 0.03359375
0 0.8359375 0.53359375 0.046875 0.04140625
1 0.9140625 0.58828125 0.0859375 0.1875
1 0.62578125 0.525 0.3453125 0.29453125
1 0.415625 0.48828125 0.0703125 0.22109375
1 0.165625 0.53515625 0.32421875 0.1796875
1 0.03125 0.35703125 0.0625 0.109375
0 0.40234375 0.66640625 0.015625 0.02578125
1 0.4625 0.16953125 0.91015625 0.33359375