0 0.39140625 0.29375 0.1265625 0.16171875
0 0.23828125 0.815625 0.07578125 0.090625
0 0.7203125 0.328125 0.08203125 0.09375
0 0.91015625 0.2640625 0.08046875 0.153125
1 0.31796875 0.23984375 0.3546875 0.46328125
1 0.3796875 0.84921875 0.21875 0.11328125
1 0.94609375 0.38359375 0.08828125 0.06796875
1 0.928125 0.69765625 0.128125 0.32109375
1 0.8828125 0.11796875 0.1265625 0.1734375
0 0.80859375 0.78515625 0.10625 0.10546875
0 0.39765625 0.75390625 0.078125 0.15078125
1 0.7375 0.403125 0.05625 0.05703125
0 0.9125 0.44609375 0.13828125 0.0625