0 0.23984375 0.5265625 0.0984375 0.27265625
0 0.3890625 0.1453125 0.18125 0.28515625
0 0.6953125 0.3109375 0.13125 0.1125
0 0.7859375 0.45859375 0.0625 0.15234375
1 0.70078125 0.4953125 0.4359375 0.98515625
1 0.209375 0.3421875 0.11875 0.41015625
0 0.31875 0.3453125 0.01875 0.08515625
0 0.640625 0.7484375 0.13125 0.1125
0 0.815625 0.79140625 0.13125 0.1125
0 0.5515625 0.5265625 0.13125 0.1125
0 0.75 0.63125 0.13125 0.1125
0 0.646875 0.6109375 0.13125 0.1125
0 0.67578125 0.42890625 0.0734375 0.1171875