0 0.615625 0.57109375 0.13203125 0.1203125
0 0.91015625 0.5578125 0.0359375 0.04609375
0 0.25 0.65703125 0.04375 0.128125
1 0.3 0.39765625 0.6 0.7875
0 0.71015625 0.6265625 0.02421875 0.02578125
0 0.7359375 0.73046875 0.0203125 0.034375
0 0.63984375 0.83671875 0.0359375 0.021875
0 0.23984375 0.76015625 0.028125 0.034375
0 0.1609375 0.73046875 0.1421875 0.1421875
0 0.12890625 0.83046875 0.034375 0.02578125
0 0.115625 0.621875 0.05625 0.0703125
0 0.0453125 0.73046875 0.01796875 0.04609375
0 0.746875 0.528125 0.034375 0.01796875
0 0.7671875 0.421875 0.02578125 0.0140625
0 0.91796875 0.42421875 0.04765625 0.0421875
0 0.978125 0.4421875 0.03984375 0.034375
0 0.73984375 0.6625 0.03203125 0.021875
0 0.8453125 0.68359375 0.0140625 0.03984375