0 0.15859375 0.54140625 0.05390625 0.09296875
1 0.48671875 0.24453125 0.61796875 0.4796875
0 0.24140625 0.47421875 0.08125 0.06171875
0 0.33203125 0.49765625 0.06171875 0.0671875
0 0.24921875 0.5796875 0.0578125 0.05703125
0 0.30859375 0.58984375 0.0234375 0.07734375
0 0.47109375 0.5796875 0.04609375 0.0359375
0 0.54609375 0.51015625 0.05 0.0515625
0 0.5234375 0.425 0.05 0.07734375
0 0.4109375 0.428125 0.05 0.04140625
0 0.46875 0.4921875 0.0421875 0.04609375
0 0.7140625 0.46640625 0.04609375 0.04609375