1 0.703125 0.55546875 0.584375 0.88359375
0 0.62109375 0.7 0.0140625 0.03125
0 0.61328125 0.72734375 0.0234375 0.028125
0 0.59765625 0.75 0.0140625 0.0171875
0 0.69453125 0.9234375 0.0234375 0.05078125
0 0.70859375 0.85234375 0.0234375 0.02265625
0 0.71640625 0.97421875 0.0234375 0.0453125
0 0.465625 0.33828125 0.021875 0.034375
0 0.4203125 0.36328125 0.028125 0.03984375
0 0.496875 0.4828125 0.0625 0.02265625
0 0.4828125 0.534375 0.025 0.0625
0 0.5140625 0.61640625 0.025 0.02265625
0 0.55546875 0.64765625 0.0328125 0.02265625
0 0.58828125 0.640625 0.0140625 0.02578125