0 0.0609375 0.890625 0.121875 0.14140625
1 0.41484375 0.2015625 0.14609375 0.3703125
0 0.25390625 0.47109375 0.084375 0.109375
0 0.521875 0.34453125 0.05234375 0.0515625
0 0.421875 0.5125 0.06015625 0.06015625
0 0.378125 0.42890625 0.0796875 0.13359375
0 0.28671875 0.57734375 0.07421875 0.04375
0 0.1890625 0.72578125 0.078125 0.06796875
0 0.2 0.82578125 0.09609375 0.0546875
0 0.0640625 0.62265625 0.128125 0.13359375
0 0.02421875 0.73046875 0.04765625 0.08203125
1 0.146875 0.38125 0.29375 0.29453125
0 0.296875 0.6359375 0.06171875 0.0515625