0 0.7140625 0.79609375 0.17890625 0.40390625
0 0.946875 0.90859375 0.03359375 0.09375
0 0.8890625 0.5859375 0.08515625 0.046875
0 0.57109375 0.47578125 0.2171875 0.22578125
0 0.353125 0.28671875 0.1984375 0.5703125
1 0.9109375 0.6234375 0.175 0.22578125
0 0.5328125 0.275 0.04375 0.0296875
1 0.7546875 0.10390625 0.4109375 0.20390625
1 0.7921875 0.45234375 0.12890625 0.190625
1 0.5984375 0.321875 0.1046875 0.12734375
1 0.4171875 0.3078125 0.10390625 0.14375
1 0.296875 0.0953125 0.29609375 0.18671875