0 0.66015625 0.24609375 0.3796875 0.46875
0 0.7828125 0.571875 0.06171875 0.12890625
0 0.584375 0.73125 0.15625 0.1953125
0 0.9046875 0.8046875 0.17421875 0.1921875
0 0.76875 0.7734375 0.03828125 0.06875
0 0.7078125 0.728125 0.08828125 0.146875
0 0.421875 0.615625 0.04375 0.0484375
0 0.3546875 0.6234375 0.021875 0.0328125
0 0.47265625 0.8875 0.02578125 0.0328125
0 0.47578125 0.9328125 0.01171875 0.02109375
1 0.23671875 0.1984375 0.4703125 0.37265625
1 0.90078125 0.35 0.1859375 0.68203125
1 0.52890625 0.44609375 0.3421875 0.35703125