0 0.08046875 0.39453125 0.0484375 0.0625
0 0.6375 0.871875 0.0875 0.0625
0 0.4296875 0.79375 0.04375 0.065625
0 0.36796875 0.94765625 0.0234375 0.03671875
0 0.31796875 0.953125 0.0265625 0.08203125
0 0.15234375 0.93359375 0.0328125 0.0484375
0 0.07109375 0.95703125 0.0703125 0.08515625
0 0.0171875 0.8421875 0.03125 0.065625
0 0.1390625 0.72265625 0.04375 0.059375
0 0.24296875 0.4875 0.0171875 0.03671875
0 0.08203125 0.4875 0.0515625 0.05390625
0 0.121875 0.5328125 0.015625 0.0484375
0 0.096875 0.6078125 0.034375 0.08515625
0 0.040625 0.6265625 0.05 0.10546875
1 0.3421875 0.815625 0.221875 0.36328125
1 0.071875 0.3296875 0.11875 0.125
1 0.634375 0.7671875 0.25625 0.2671875