0 0.3640625 0.5546875 0.028125 0.040625
0 0.32890625 0.53671875 0.01953125 0.0203125
0 0.4203125 0.5 0.0234375 0.0328125
0 0.51171875 0.54765625 0.13203125 0.128125
0 0.47578125 0.61171875 0.0328125 0.06484375
0 0.60546875 0.63828125 0.059375 0.0609375
0 0.6859375 0.52578125 0.16328125 0.15234375
1 0.56796875 0.284375 0.8546875 0.55703125
1 0.5734375 0.6734375 0.04140625 0.046875
1 0.66015625 0.6125 0.09296875 0.115625
1 0.515625 0.5984375 0.0546875 0.128125
1 0.42578125 0.5765625 0.0859375 0.128125