1 0.47890625 0.18984375 0.28203125 0.11875
0 0.125 0.440625 0.12578125 0.04609375
1 0.5296875 0.51171875 0.26015625 0.203125
1 0.225 0.81640625 0.221875 0.16171875
1 0.75625 0.81875 0.171875 0.221875
1 0.83984375 0.52265625 0.315625 0.20625
1 0.75703125 0.24296875 0.15 0.14609375
0 0.76015625 0.6203125 0.02421875 0.0171875
1 0.365625 0.82109375 0.06015625 0.06875
1 0.509375 0.82734375 0.14609375 0.04609375
0 0.4953125 0.24296875 0.05 0.03984375
0 0.54375 0.234375 0.0359375 0.02578125
1 0.1484375 0.2140625 0.296875 0.1625