0 0.89921875 0.8578125 0.0578125 0.0625
0 0.971875 0.915625 0.04921875 0.0625
0 0.896875 0.73671875 0.02421875 0.0359375
0 0.78125 0.76796875 0.078125 0.11796875
0 0.75859375 0.67421875 0.0125 0.021875
0 0.67265625 0.68515625 0.11015625 0.125
0 0.5515625 0.5 0.0109375 0.02421875
0 0.57265625 0.59140625 0.0609375 0.0671875
0 0.46484375 0.50703125 0.1359375 0.125
0 0.33828125 0.38125 0.09765625 0.11328125
0 0.2390625 0.25703125 0.05625 0.09609375
0 0.27734375 0.228125 0.0140625 0.01953125
0 0.16640625 0.15625 0.08984375 0.10078125
0 0.07578125 0.09765625 0.08515625 0.09375
1 0.73125 0.60546875 0.16953125 0.28359375