0 0.16015625 0.6921875 0.2375 0.24140625
0 0.8359375 0.73828125 0.05546875 0.08671875
0 0.3984375 0.53671875 0.26953125 0.0625
0 0.76171875 0.40546875 0.29296875 0.0359375
0 0.5734375 0.57265625 0.04140625 0.06875
0 0.62265625 0.6765625 0.01796875 0.04375
0 0.015625 0.41015625 0.025 0.0234375
0 0.234375 0.40546875 0.0296875 0.0171875
0 0.9734375 0.41953125 0.0484375 0.0125
0 0.2578125 0.43828125 0.03515625 0.015625
0 0.27109375 0.46015625 0.0625 0.028125
0 0.35625 0.45234375 0.04140625 0.01875
0 0.365625 0.4921875 0.0296875 0.0234375
0 0.42734375 0.4984375 0.04453125 0.0234375
0 0.22265625 0.48984375 0.01796875 0.025
0 0.6171875 0.79140625 0.0765625 0.11640625
1 0.21015625 0.33671875 0.37734375 0.19296875
1 0.7484375 0.33125 0.4484375 0.12578125
0 0.340625 0.69296875 0.025 0.0328125
0 0.03671875 0.57109375 0.03671875 0.05
0 0.7625 0.615625 0.0421875 0.03125
0 0.8296875 0.6671875 0.0625 0.075