1 0.42265625 0.14296875 0.31953125 0.2796875
1 0.12421875 0.14140625 0.08046875 0.1859375
1 0.9078125 0.25390625 0.11328125 0.17734375
0 0.19375 0.31171875 0.06484375 0.22890625
0 0.85546875 0.61875 0.146875 0.56875
0 0.9625 0.6609375 0.075 0.146875
0 0.67265625 0.5625 0.6515625 0.8171875
0 0.30234375 0.85 0.06328125 0.22578125
0 0.2109375 0.89296875 0.02890625 0.13984375
0 0.1171875 0.88125 0.03046875 0.065625
0 0.03671875 0.5140625 0.02578125 0.05703125
0 0.24375 0.2703125 0.02265625 0.11171875