0 0.16015625 0.45078125 0.025 0.14140625
0 0.646875 0.6796875 0.48125 0.221875
0 0.953125 0.65 0.01640625 0.165625
0 0.10703125 0.38515625 0.10390625 0.2203125
0 0.6421875 0.48046875 0.07265625 0.03359375
0 0.63515625 0.3671875 0.57734375 0.16953125
0 0.2375 0.321875 0.1578125 0.09765625
1 0.4015625 0.2828125 0.8 0.5578125
0 0.93046875 0.6875 0.01640625 0.03046875
1 0.9359375 0.746875 0.12734375 0.17890625
0 0.93984375 0.45703125 0.0171875 0.04296875
0 0.5453125 0.4859375 0.0265625 0.03046875
1 0.040625 0.7328125 0.02890625 0.11640625