1 0.90078125 0.56015625 0.12578125 0.38046875
0 0.94375 0.83046875 0.1078125 0.14375
0 0.828125 0.76796875 0.08828125 0.16015625
0 0.75 0.35078125 0.04375 0.04375
0 0.7546875 0.4390625 0.05390625 0.03515625
0 0.534375 0.20234375 0.11171875 0.0625
0 0.52734375 0.39140625 0.08984375 0.10859375
0 0.57578125 0.7203125 0.05234375 0.06484375
0 0.48828125 0.75546875 0.02421875 0.06484375
0 0.3046875 0.70625 0.10625 0.1359375
0 0.1953125 0.67109375 0.0296875 0.22265625
0 0.05 0.5390625 0.09609375 0.17109375
0 0.06484375 0.825 0.1296875 0.165625
0 0.178125 0.32890625 0.08828125 0.08125
0 0.77578125 0.11796875 0.05625 0.04609375
1 0.721875 0.2515625 0.1796875 0.334375
0 0.35625 0.19296875 0.03203125 0.07578125