1 0.5953125 0.52265625 0.8078125 0.95390625
0 0.20625 0.978125 0.05078125 0.04140625
0 0.35078125 0.6828125 0.1109375 0.0734375
0 0.26875 0.69296875 0.01328125 0.03359375
0 0.21875 0.71796875 0.04921875 0.05546875
0 0.1546875 0.721875 0.01796875 0.05
0 0.1078125 0.72265625 0.04921875 0.0375
0 0.6515625 0.56640625 0.02265625 0.03046875
0 0.62265625 0.60234375 0.0296875 0.03203125
0 0.5921875 0.609375 0.02109375 0.01796875
0 0.6890625 0.55859375 0.02734375 0.028125
0 0.75 0.509375 0.01171875 0.02109375