0 0.26875 0.89453125 0.265625 0.2109375
0 0.5078125 0.65703125 0.0859375 0.13984375
0 0.28203125 0.6734375 0.10703125 0.08671875
0 0.1875 0.66640625 0.0484375 0.06015625
0 0.146875 0.56640625 0.084375 0.0734375
0 0.5328125 0.35859375 0.103125 0.05
0 0.94375 0.36640625 0.09765625 0.046875
0 0.95234375 0.7203125 0.09140625 0.0734375
0 0.95390625 0.878125 0.065625 0.0703125
0 0.65703125 0.66328125 0.01875 0.03984375
0 0.41640625 0.63203125 0.0203125 0.03671875
1 0.49609375 0.5046875 0.9921875 0.4765625
0 0.84375 0.3703125 0.08046875 0.03359375