1 0.27890625 0.24296875 0.55390625 0.48203125
0 0.73828125 0.5640625 0.0375 0.0453125
1 0.76171875 0.196875 0.37734375 0.38984375
0 0.2828125 0.73046875 0.065625 0.046875
0 0.03515625 0.82578125 0.04453125 0.03671875
0 0.10234375 0.78828125 0.0125 0.0125
0 0.1515625 0.628125 0.06015625 0.075
0 0.00625 0.60390625 0.01015625 0.0515625
0 0.58203125 0.42734375 0.01875 0.0453125
0 0.48828125 0.4875 0.0203125 0.01953125
0 0.24296875 0.53671875 0.0140625 0.03203125
0 0.45546875 0.621875 0.02578125 0.028125
0 0.54609375 0.55859375 0.01015625 0.0296875
1 0.384375 0.6265625 0.12578125 0.190625