0 0.73125 0.89453125 0.265625 0.2109375
0 0.4921875 0.65703125 0.0859375 0.13984375
0 0.71796875 0.6734375 0.10703125 0.08671875
0 0.8125 0.66640625 0.0484375 0.06015625
0 0.853125 0.56640625 0.084375 0.0734375
0 0.4671875 0.35859375 0.103125 0.05
0 0.05625 0.36640625 0.09765625 0.046875
0 0.04765625 0.7203125 0.09140625 0.0734375
0 0.04609375 0.878125 0.065625 0.0703125
0 0.34296875 0.66328125 0.01875 0.03984375
0 0.58359375 0.63203125 0.0203125 0.03671875
1 0.50390625 0.5046875 0.9921875 0.4765625
0 0.15625 0.3703125 0.08046875 0.03359375