0 0.6359375 0.5546875 0.028125 0.040625
0 0.67109375 0.53671875 0.01953125 0.0203125
0 0.5796875 0.5 0.0234375 0.0328125
0 0.48828125 0.54765625 0.13203125 0.128125
0 0.52421875 0.61171875 0.0328125 0.06484375
0 0.39453125 0.63828125 0.059375 0.0609375
0 0.3140625 0.52578125 0.16328125 0.15234375
1 0.43203125 0.284375 0.8546875 0.55703125
1 0.4265625 0.6734375 0.04140625 0.046875
1 0.33984375 0.6125 0.09296875 0.115625
1 0.484375 0.5984375 0.0546875 0.128125
1 0.57421875 0.5765625 0.0859375 0.128125