0 0.3109375 0.79296875 0.15 0.28671875
0 0.6296875 0.81640625 0.2921875 0.18671875
0 0.81328125 0.7 0.0859375 0.21328125
0 0.559375 0.53984375 0.33828125 0.18671875
0 0.80390625 0.36484375 0.08828125 0.04296875
0 0.634375 0.38359375 0.02421875 0.0265625
1 0.2 0.18515625 0.39609375 0.36328125
0 0.49609375 0.43515625 0.07578125 0.05
1 0.6578125 0.18828125 0.4796875 0.3703125
0 0.22734375 0.91328125 0.065625 0.09296875
0 0.184375 0.96953125 0.046875 0.0609375
1 0.13203125 0.7765625 0.20390625 0.40703125
1 0.18671875 0.45859375 0.25390625 0.15