0 0.5015625 0.5265625 0.99375 0.2015625
0 0.903125 0.9046875 0.190625 0.08046875
0 0.275 0.65703125 0.02265625 0.0546875
1 0.6359375 0.24453125 0.72734375 0.48671875
0 0.3 0.809375 0.04609375 0.10703125
0 0.6796875 0.89140625 0.209375 0.06171875
0 0.72109375 0.9546875 0.0828125 0.04296875
0 0.36015625 0.89765625 0.259375 0.05390625
0 0.56875 0.66328125 0.02578125 0.05390625
0 0.53125 0.66015625 0.021875 0.05703125
0 0.16015625 0.64921875 0.02578125 0.04609375
0 0.11875 0.6453125 0.021875 0.0453125
0 0.078125 0.6515625 0.0265625 0.05390625
0 0.12265625 0.9015625 0.05859375 0.04765625
0 0.0296875 0.9125 0.040625 0.0609375
0 0.2734375 0.96640625 0.02890625 0.028125
0 0.1171875 0.2453125 0.23359375 0.4890625