0 0.06171875 0.6953125 0.11875 0.1640625
0 0.953125 0.521875 0.09375 0.1875
0 0.49296875 0.715625 0.63125 0.44609375
0 0.95703125 0.17890625 0.0546875 0.10546875
0 0.4828125 0.20234375 0.0234375 0.3984375
0 0.5328125 0.2203125 0.0234375 0.434375
0 0.53125 0.5765625 0.01953125 0.05546875
0 0.69140625 0.37421875 0.25390625 0.7421875
1 0.07421875 0.3125 0.14453125 0.46640625
1 0.703125 0.27265625 0.18359375 0.53984375
0 0.96953125 0.69921875 0.0609375 0.07890625
1 0.34765625 0.41484375 0.19140625 0.3546875