0 0.76875 0.534375 0.0828125 0.16796875
0 0.0734375 0.83203125 0.08984375 0.18671875
0 0.3375 0.175 0.10859375 0.15
0 0.73671875 0.946875 0.0578125 0.046875
0 0.61328125 0.20859375 0.0734375 0.1625
0 0.71875 0.30625 0.08125 0.125
0 0.6859375 0.0578125 0.0546875 0.1140625
0 0.6890625 0.6296875 0.05703125 0.15078125
0 0.653125 0.50234375 0.0640625 0.08203125
0 0.615625 0.63203125 0.034375 0.0578125
0 0.54609375 0.6578125 0.03828125 0.05078125
0 0.359375 0.4640625 0.0640625 0.071875
0 0.24609375 0.51640625 0.02578125 0.0375
0 0.31640625 0.54921875 0.0421875 0.0703125
0 0.30546875 0.64453125 0.04453125 0.1015625
0 0.39296875 0.87265625 0.0359375 0.10859375
0 0.29375 0.83828125 0.1015625 0.2015625
0 0.209375 0.88046875 0.03828125 0.0875
0 0.87265625 0.784375 0.02265625 0.0359375
1 0.4234375 0.33515625 0.15390625 0.1625
0 0.06328125 0.9421875 0.04140625 0.01640625