0 0.7171875 0.790625 0.1609375 0.3890625
0 0.59453125 0.47578125 0.15625 0.24140625
0 0.36015625 0.32578125 0.18515625 0.4765625
0 0.89609375 0.58515625 0.04765625 0.05234375
0 0.94375 0.91015625 0.03515625 0.096875
1 0.96484375 0.57109375 0.0671875 0.275
1 0.4203125 0.29140625 0.0984375 0.14921875
1 0.2921875 0.10078125 0.30390625 0.1984375
0 0.37890625 0.0921875 0.05 0.18125
1 0.76171875 0.5375 0.19140625 0.33828125
1 0.61328125 0.34140625 0.1359375 0.14375
1 0.7640625 0.10390625 0.41015625 0.20390625
1 0.88828125 0.68125 0.07109375 0.0578125
1 0.6171875 0.64609375 0.0578125 0.0578125