0 0.1984375 0.4203125 0.07421875 0.15390625
0 0.49921875 0.353125 0.415625 0.7
0 0.49453125 0.8015625 0.0609375 0.2484375
0 0.81171875 0.7375 0.0203125 0.03984375
1 0.1359375 0.54296875 0.14609375 0.5375
1 0.46328125 0.21875 0.48984375 0.43125
0 0.38671875 0.8375 0.08828125 0.24609375
0 0.75390625 0.7140625 0.04765625 0.0515625
0 0.7875 0.8828125 0.02578125 0.18828125
0 0.7390625 0.83828125 0.040625 0.1171875
0 0.6703125 0.84609375 0.021875 0.16015625
0 0.6265625 0.83828125 0.021875 0.1625
0 0.2578125 0.54609375 0.03046875 0.034375
0 0.26171875 0.815625 0.0421875 0.19140625
0 0.47421875 0.9640625 0.0640625 0.0375
1 0.73359375 0.50703125 0.12890625 0.36875