0 0.12734375 0.7453125 0.0828125 0.196875
0 0.221875 0.58359375 0.02421875 0.50859375
0 0.34375 0.73671875 0.1234375 0.190625
0 0.47421875 0.64140625 0.09609375 0.38125
0 0.59453125 0.64140625 0.06875 0.3703125
0 0.6734375 0.73125 0.0546875 0.20234375
0 0.8484375 0.6734375 0.1578125 0.34140625
0 0.9703125 0.77109375 0.059375 0.1671875
0 0.37109375 0.41640625 0.07578125 0.2546875
0 0.465625 0.34375 0.07890625 0.16796875
0 0.01015625 0.77734375 0.0140625 0.075
0 0.06015625 0.74296875 0.0375 0.16796875
0 0.26953125 0.765625 0.01015625 0.1328125
1 0.66640625 0.2515625 0.66640625 0.49140625