0 0.2640625 0.5546875 0.196875 0.15
0 0.01328125 0.50703125 0.0234375 0.10546875
0 0.6828125 0.64140625 0.04375 0.0890625
0 0.56171875 0.6359375 0.0484375 0.10546875
1 0.49765625 0.2203125 0.0515625 0.1078125
0 0.74296875 0.20390625 0.1203125 0.31875
0 0.5015625 0.0640625 0.08125 0.12421875
0 0.29140625 0.31484375 0.0296875 0.08203125
0 0.39609375 0.021875 0.0828125 0.03984375
0 0.84140625 0.228125 0.0359375 0.04453125
0 0.9671875 0.265625 0.065625 0.08203125
0 0.54921875 0.25390625 0.0390625 0.06328125
0 0.54453125 0.41484375 0.0671875 0.065625
0 0.6046875 0.1625 0.084375 0.26484375