0 0.91328125 0.596875 0.07421875 0.08203125
0 0.83671875 0.425 0.05390625 0.07109375
0 0.7609375 0.41796875 0.034375 0.0625
0 0.6640625 0.34609375 0.02421875 0.04921875
0 0.04921875 0.4921875 0.0578125 0.12265625
0 0.13515625 0.43046875 0.02578125 0.08203125
0 0.18515625 0.4484375 0.02578125 0.05703125
0 0.215625 0.37734375 0.02421875 0.0625
0 0.621875 0.30234375 0.03203125 0.0765625
0 0.26484375 0.34453125 0.02578125 0.040625
0 0.58828125 0.27109375 0.015625 0.0296875
0 0.5640625 0.2890625 0.01171875 0.04921875
0 0.54296875 0.3390625 0.0296875 0.0625
0 0.49765625 0.31640625 0.04375 0.02734375
0 0.3359375 0.32421875 0.03203125 0.04375
0 0.371875 0.30546875 0.02421875 0.0546875
0 0.2953125 0.32421875 0.02578125 0.02734375
1 0.359375 0.21796875 0.05390625 0.0875