0 0.2359375 0.41875 0.45546875 0.3109375
0 0.6484375 0.43125 0.275 0.09765625
0 0.88046875 0.5046875 0.05546875 0.06875
0 0.921875 0.59375 0.05546875 0.078125
0 0.18359375 0.60234375 0.05546875 0.0453125
0 0.27890625 0.6 0.075 0.0546875
0 0.39140625 0.60859375 0.09453125 0.071875
0 0.55703125 0.61640625 0.10859375 0.071875
0 0.65703125 0.61328125 0.0359375 0.0625
0 0.26640625 0.70390625 0.05 0.0609375
0 0.28046875 0.809375 0.13359375 0.1
0 0.4125 0.815625 0.103125 0.0921875
0 0.54296875 0.7109375 0.0859375 0.05078125
0 0.54296875 0.79765625 0.125 0.05625
0 0.64296875 0.71484375 0.04140625 0.0390625
0 0.65703125 0.8296875 0.05859375 0.046875
0 0.878125 0.815625 0.071875 0.0484375
0 0.94609375 0.6765625 0.0640625 0.06875
0 0.659375 0.78046875 0.0640625 0.0171875
1 0.50390625 0.23359375 0.975 0.4625
1 0.734375 0.525 0.275 0.10546875