0 0.49921875 0.20390625 0.9984375 0.38984375
0 0.49921875 0.78125 0.9984375 0.38984375
1 0.6984375 0.8453125 0.2125 0.265625
1 0.9546875 0.78046875 0.0875 0.11015625
1 0.28828125 0.74140625 0.13359375 0.0953125
1 0.10390625 0.79453125 0.06640625 0.08828125
1 0.975 0.09765625 0.04609375 0.09375
1 0.78828125 0.16796875 0.14609375 0.14140625
1 0.60703125 0.06953125 0.15234375 0.13515625
1 0.425 0.06484375 0.13046875 0.1265625
1 0.29921875 0.26640625 0.1859375 0.1375
1 0.05859375 0.15234375 0.1171875 0.18671875