0 0.50078125 0.53671875 0.99296875 0.425
1 0.49921875 0.26484375 0.99765625 0.50546875
0 0.69921875 0.31875 0.05234375 0.096875
0 0.52578125 0.16015625 0.05703125 0.15078125
0 0.58046875 0.27578125 0.034375 0.05
0 0.9578125 0.78203125 0.0796875 0.0578125
0 0.88203125 0.78359375 0.0453125 0.05390625
0 0.803125 0.7796875 0.0296875 0.03828125
0 0.4953125 0.76796875 0.0546875 0.1
0 0.34921875 0.77578125 0.06171875 0.07734375
0 0.4171875 0.79921875 0.015625 0.0234375
0 0.7421875 0.803125 0.065625 0.015625