0 0.2859375 0.79609375 0.17890625 0.40390625
0 0.053125 0.90859375 0.03359375 0.09375
0 0.1109375 0.5859375 0.08515625 0.046875
0 0.42890625 0.47578125 0.2171875 0.22578125
0 0.646875 0.28671875 0.1984375 0.5703125
1 0.0890625 0.6234375 0.175 0.22578125
0 0.4671875 0.275 0.04375 0.0296875
1 0.2453125 0.10390625 0.4109375 0.20390625
1 0.2078125 0.45234375 0.12890625 0.190625
1 0.4015625 0.321875 0.1046875 0.12734375
1 0.5828125 0.3078125 0.10390625 0.14375
1 0.703125 0.0953125 0.29609375 0.18671875