0 0.4609375 0.55703125 0.046875 0.128125
0 0.084375 0.5609375 0.12109375 0.13515625
0 0.2 0.43046875 0.06875 0.090625
0 0.3828125 0.41875 0.09765625 0.065625
1 0.49921875 0.4515625 0.9984375 0.89609375
0 0.38203125 0.89609375 0.0328125 0.0765625
0 0.08671875 0.653125 0.0296875 0.0484375
0 0.51875 0.53125 0.053125 0.05546875
0 0.6453125 0.41171875 0.021875 0.03828125
0 0.41875 0.953125 0.0140625 0.03125
0 0.0078125 0.61640625 0.015625 0.0453125
0 0.0296875 0.70625 0.0234375 0.03828125
1 0.01640625 0.75546875 0.0328125 0.08671875