0 0.3703125 0.6421875 0.11015625 0.3578125
0 0.68671875 0.75078125 0.03359375 0.06875
0 0.5109375 0.5234375 0.0640625 0.18984375
0 0.31953125 0.3171875 0.04609375 0.15390625
0 0.2515625 0.67265625 0.05 0.2859375
0 0.25390625 0.34609375 0.03984375 0.0484375
0 0.76328125 0.23046875 0.04140625 0.04140625
0 0.70078125 0.22578125 0.03359375 0.046875
0 0.7359375 0.12890625 0.10390625 0.0671875
0 0.64296875 0.22265625 0.0234375 0.04375
1 0.84765625 0.32734375 0.07265625 0.65078125
1 0.1359375 0.3859375 0.06484375 0.76875
0 0.27265625 0.48359375 0.0203125 0.03046875
0 0.396875 0.21171875 0.0140625 0.13359375
0 0.54140625 0.75234375 0.025 0.025
0 0.5296875 0.64375 0.0390625 0.03984375