1 0.5 0.37421875 0.99140625 0.74296875
0 0.8890625 0.62109375 0.03359375 0.0609375
0 0.36015625 0.4078125 0.015625 0.01796875
0 0.33359375 0.3859375 0.015625 0.01953125
0 0.259375 0.3328125 0.06171875 0.0484375
0 0.13671875 0.2390625 0.009375 0.01640625
0 0.115625 0.21015625 0.0203125 0.02890625
0 0.05390625 0.19296875 0.025 0.021875
0 0.02265625 0.17890625 0.0171875 0.0140625
0 0.990625 0.64921875 0.01484375 0.0234375
0 0.9296875 0.61171875 0.0109375 0.02890625
0 0.8890625 0.4046875 0.01328125 0.02109375