0 0.81953125 0.4546875 0.08359375 0.09609375
0 0.91328125 0.2359375 0.0390625 0.06484375
0 0.82890625 0.24609375 0.0421875 0.0546875
0 0.58671875 0.2734375 0.040625 0.046875
0 0.57421875 0.5453125 0.040625 0.06015625
0 0.26484375 0.71640625 0.1 0.09375
0 0.33359375 0.3765625 0.0390625 0.0546875
0 0.47421875 0.2046875 0.028125 0.0546875
0 0.26953125 0.16953125 0.04609375 0.046875
0 0.39140625 0.1328125 0.04296875 0.06796875
0 0.32109375 0.078125 0.02578125 0.04140625
0 0.690625 0.37109375 0.046875 0.0703125
0 0.675 0.4703125 0.05703125 0.0546875
0 0.471875 0.56796875 0.059375 0.07265625
0 0.41171875 0.65 0.04609375 0.06015625
0 0.365625 0.61953125 0.04609375 0.05234375
0 0.3203125 0.603125 0.0328125 0.0546875
0 0.290625 0.5765625 0.0421875 0.0390625
0 0.49140625 0.33046875 0.0625 0.08359375
0 0.7109375 0.015625 0.02421875 0.02578125
0 0.56640625 0.0625 0.03828125 0.0625
0 0.5484375 0.15625 0.046875 0.0625
0 0.40390625 0.490625 0.04609375 0.0546875
0 0.29765625 0.5015625 0.0390625 0.0546875
0 0.20859375 0.11484375 0.05625 0.05234375
0 0.52109375 0.02578125 0.0484375 0.046875
0 0.6140625 0.09375 0.034375 0.046875
0 0.109375 0.18359375 0.06640625 0.14296875
0 0.17265625 0.171875 0.0359375 0.04140625
0 0.11484375 0.071875 0.0390625 0.04453125
0 0.11171875 0.334375 0.04296875 0.1015625
0 0.08515625 0.6234375 0.08125 0.06015625
0 0.02734375 0.2875 0.0390625 0.06484375
0 0.39296875 0.3671875 0.03203125 0.05703125
1 0.825 0.15234375 0.346875 0.29921875