0 0.9234375 0.52421875 0.06953125 0.05390625
0 0.8203125 0.56796875 0.109375 0.0640625
0 0.5546875 0.615625 0.02890625 0.0515625
0 0.59140625 0.6390625 0.0546875 0.03359375
0 0.2015625 0.771875 0.0421875 0.02890625
0 0.35625 0.67578125 0.01640625 0.01796875
1 0.5015625 0.51015625 0.98671875 0.60703125
0 0.740625 0.590625 0.02890625 0.02890625
0 0.71796875 0.609375 0.021875 0.01796875
0 0.6859375 0.6125 0.03046875 0.01953125
0 0.08125 0.7734375 0.07265625 0.05
0 0.2859375 0.73828125 0.01796875 0.01796875
0 0.3109375 0.73671875 0.01875 0.0265625
0 0.340625 0.72734375 0.01796875 0.02109375
0 0.434375 0.69375 0.02265625 0.0265625
0 0.459375 0.684375 0.01640625 0.02109375