0 0.721875 0.60859375 0.18671875 0.04375
0 0.41484375 0.5734375 0.1609375 0.0453125
0 0.18671875 0.5421875 0.18515625 0.04921875
1 0.1859375 0.44140625 0.28046875 0.12578125
0 0.72734375 0.32109375 0.30859375 0.103125
0 0.50625 0.27734375 0.18203125 0.06015625
0 0.1171875 0.10390625 0.10078125 0.20546875
0 0.19140625 0.25078125 0.33125 0.10703125
0 0.26171875 0.165625 0.11015625 0.025
0 0.64140625 0.14765625 0.39296875 0.0640625
0 0.75234375 0.06171875 0.14140625 0.09921875
0 0.67578125 0.01875 0.03046875 0.01328125