0 0.64609375 0.19921875 0.1078125 0.33828125
0 0.0203125 0.265625 0.0359375 0.06015625
0 0.10625 0.34140625 0.07578125 0.1390625
0 0.20234375 0.34296875 0.071875 0.15390625
0 0.30078125 0.365625 0.1703125 0.20546875
0 0.51171875 0.29140625 0.04765625 0.09375
0 0.6140625 0.43984375 0.02421875 0.06328125
0 0.7359375 0.42265625 0.08828125 0.1453125
0 0.93828125 0.19609375 0.04375 0.10859375
0 0.94765625 0.3609375 0.0796875 0.16015625
0 0.784375 0.2703125 0.03203125 0.0515625
0 0.83828125 0.353125 0.028125 0.0421875
1 0.50078125 0.19609375 0.99765625 0.38671875
0 0.56328125 0.3265625 0.021875 0.03046875
0 0.21171875 0.215625 0.02421875 0.0453125