0 0.23125 0.534375 0.0828125 0.16796875
0 0.9265625 0.83203125 0.08984375 0.18671875
0 0.6625 0.175 0.10859375 0.15
0 0.26328125 0.946875 0.0578125 0.046875
0 0.38671875 0.20859375 0.0734375 0.1625
0 0.28125 0.30625 0.08125 0.125
0 0.3140625 0.0578125 0.0546875 0.1140625
0 0.3109375 0.6296875 0.05703125 0.15078125
0 0.346875 0.50234375 0.0640625 0.08203125
0 0.384375 0.63203125 0.034375 0.0578125
0 0.45390625 0.6578125 0.03828125 0.05078125
0 0.640625 0.4640625 0.0640625 0.071875
0 0.75390625 0.51640625 0.02578125 0.0375
0 0.68359375 0.54921875 0.0421875 0.0703125
0 0.69453125 0.64453125 0.04453125 0.1015625
0 0.60703125 0.87265625 0.0359375 0.10859375
0 0.70625 0.83828125 0.1015625 0.2015625
0 0.790625 0.88046875 0.03828125 0.0875
0 0.12734375 0.784375 0.02265625 0.0359375
1 0.5765625 0.33515625 0.15390625 0.1625
0 0.93671875 0.9421875 0.04140625 0.01640625