0 0.8828125 0.41796875 0.06015625 0.07265625
0 0.69296875 0.24375 0.1984375 0.4734375
0 0.5328125 0.878125 0.090625 0.08515625
0 0.1578125 0.30234375 0.23828125 0.434375
1 0.6609375 0.57265625 0.665625 0.5
1 0.49375 0.21015625 0.36171875 0.4078125
1 0.81015625 0.20078125 0.23515625 0.38828125
1 0.20625 0.53984375 0.10546875 0.25
1 0.10546875 0.60546875 0.2109375 0.73671875
0 0.51796875 0.68125 0.03046875 0.11171875
1 0.26328125 0.29296875 0.13515625 0.4015625
0 0.35703125 0.7171875 0.24375 0.4734375