0 0.03046875 0.703125 0.05859375 0.090625
0 0.159375 0.7375 0.1328125 0.0625
0 0.28515625 0.74921875 0.09140625 0.06328125
0 0.378125 0.73046875 0.0640625 0.0359375
0 0.4625 0.73046875 0.03671875 0.02890625
0 0.6640625 0.78203125 0.44765625 0.2015625
0 0.946875 0.89453125 0.0203125 0.02109375
0 0.9671875 0.81875 0.0625 0.0609375
0 0.92265625 0.6984375 0.04296875 0.03828125
0 0.946875 0.64140625 0.0203125 0.02265625
0 0.7765625 0.6375 0.1375 0.053125
0 0.51484375 0.64296875 0.34609375 0.1171875
0 0.26953125 0.615625 0.1171875 0.1265625
0 0.775 0.5234375 0.13359375 0.1046875
0 0.90234375 0.54140625 0.0546875 0.0546875
0 0.99296875 0.5015625 0.0140625 0.01875
0 0.1125 0.66640625 0.09921875 0.07734375
1 0.5015625 0.4765625 0.31640625 0.30859375
1 0.26640625 0.5328125 0.10703125 0.165625