0 0.08359375 0.8953125 0.0515625 0.09609375
0 0.7203125 0.88984375 0.05703125 0.125
1 0.16640625 0.77578125 0.16875 0.24296875
0 0.153125 0.9046875 0.06171875 0.09609375
0 0.225 0.890625 0.0515625 0.1265625
0 0.3328125 0.90234375 0.090625 0.1078125
0 0.465625 0.87890625 0.0859375 0.146875
0 0.5859375 0.8625 0.09375 0.18671875
0 0.79140625 0.91640625 0.0125 0.04765625
0 0.8984375 0.8734375 0.05390625 0.1390625
1 0.3375 0.7828125 0.09375 0.178125
1 0.353125 0.4703125 0.08125 0.396875
1 0.19921875 0.54765625 0.078125 0.18828125