0 0.15 0.64375 0.17265625 0.1546875
1 0.50078125 0.40078125 0.99765625 0.79765625
0 0.18984375 0.78828125 0.075 0.05234375
0 0.41171875 0.8015625 0.05 0.021875
0 0.4875 0.7515625 0.10234375 0.03046875
0 0.61171875 0.778125 0.0546875 0.0421875
0 0.56015625 0.57734375 0.09765625 0.0359375
0 0.91328125 0.70625 0.059375 0.03203125
0 0.7921875 0.74609375 0.04765625 0.015625
0 0.04921875 0.8421875 0.05703125 0.0578125
0 0.240625 0.82109375 0.05 0.040625
0 0.55 0.8109375 0.0953125 0.03046875
0 0.6875 0.78046875 0.025 0.0375
0 0.07421875 0.921875 0.09765625 0.0578125
0 0.1671875 0.89375 0.05703125 0.03203125