0 0.3859375 0.86171875 0.11484375 0.109375
0 0.1765625 0.83125 0.1296875 0.1859375
0 0.38671875 0.58125 0.1921875 0.1765625
0 0.63828125 0.96640625 0.09609375 0.06171875
0 0.81875 0.3265625 0.07265625 0.06171875
0 0.8203125 0.39765625 0.021875 0.04765625
0 0.9703125 0.48125 0.025 0.04765625
0 0.39609375 0.7484375 0.04453125 0.09296875
0 0.91875 0.125 0.06484375 0.09296875
0 0.23984375 0.68828125 0.05390625 0.13359375
0 0.1625 0.97734375 0.028125 0.0359375
1 0.5921875 0.18125 0.39609375 0.35703125
0 0.52734375 0.50625 0.04296875 0.08359375