1 0.0859375 0.31015625 0.034375 0.03359375
1 0.6375 0.43671875 0.23984375 0.071875
0 0.52421875 0.4390625 0.03125 0.03984375
0 0.90703125 0.478125 0.05859375 0.075
0 0.596875 0.4828125 0.4 0.03359375
0 0.2609375 0.4890625 0.0375 0.01484375
0 0.821875 0.5109375 0.0796875 0.028125
0 0.246875 0.53359375 0.23984375 0.0390625
0 0.465625 0.5359375 0.028125 0.025
0 0.8453125 0.54375 0.03828125 0.01640625
0 0.8765625 0.5515625 0.0109375 0.01640625
0 0.91171875 0.55703125 0.009375 0.0203125
0 0.19765625 0.56484375 0.0234375 0.0265625
0 0.97734375 0.58046875 0.03671875 0.0203125