1 0.6875 0.49609375 0.609375 0.97421875
0 0.73984375 0.890625 0.0453125 0.02578125
0 0.65859375 0.92578125 0.0609375 0.05703125
0 0.7046875 0.8875 0.015625 0.02578125
0 0.6453125 0.85625 0.015625 0.01953125
0 0.38515625 0.32109375 0.0234375 0.034375
0 0.4328125 0.4078125 0.028125 0.01953125
0 0.4265625 0.44921875 0.021875 0.03984375
0 0.58515625 0.83515625 0.0328125 0.05078125
0 0.578125 0.78828125 0.046875 0.059375
0 0.5796875 0.73125 0.028125 0.0484375
0 0.53671875 0.55859375 0.0203125 0.03125