0 0.6375 0.8890625 0.13046875 0.20078125
1 0.159375 0.553125 0.31875 0.89375
0 0.3328125 0.37109375 0.0609375 0.21953125
0 0.33359375 0.6125 0.06328125 0.16484375
0 0.33828125 0.89921875 0.046875 0.1015625
0 0.42109375 0.35625 0.028125 0.1015625
0 0.484375 0.35546875 0.053125 0.0578125
0 0.6296875 0.42265625 0.0296875 0.05234375
0 0.57109375 0.5078125 0.08515625 0.0703125
0 0.56640625 0.36796875 0.04375 0.1046875
0 0.54375 0.634375 0.08515625 0.0625
0 0.51640625 0.79609375 0.0578125 0.06796875
0 0.396875 0.85390625 0.0265625 0.1671875
0 0.43671875 0.85 0.01875 0.175
0 0.40234375 0.65703125 0.0125 0.1484375