0 0.3484375 0.72421875 0.1359375 0.1625
0 0.178125 0.428125 0.128125 0.1015625
0 0.56328125 0.678125 0.16953125 0.29453125
0 0.33203125 0.40234375 0.11484375 0.12109375
0 0.04296875 0.190625 0.08359375 0.071875
1 0.37734375 0.590625 0.73671875 0.69296875
0 0.81796875 0.56953125 0.22890625 0.415625
0 0.5109375 0.27890625 0.06328125 0.03671875
0 0.17734375 0.79921875 0.0375 0.05234375
0 0.29609375 0.87109375 0.0671875 0.03359375
0 0.42578125 0.8609375 0.03671875 0.05390625
0 0.51484375 0.1421875 0.03125 0.06015625
0 0.41640625 0.16328125 0.01640625 0.05390625
0 0.38984375 0.18671875 0.021875 0.0203125
0 0.39609375 0.2890625 0.0265625 0.05390625
0 0.56640625 0.12890625 0.01953125 0.01875