0 0.8453125 0.63359375 0.03984375 0.0984375
0 0.94453125 0.94765625 0.1046875 0.1046875
0 0.28359375 0.50546875 0.15234375 0.27890625
0 0.6453125 0.72109375 0.08359375 0.0984375
1 0.37109375 0.54921875 0.7421875 0.9015625
1 0.82890625 0.2703125 0.30546875 0.35546875
1 0.734375 0.8359375 0.421875 0.2953125
0 0.54765625 0.79765625 0.02578125 0.065625
0 0.9546875 0.42890625 0.0546875 0.15859375
1 0.95234375 0.584375 0.0875 0.175
0 0.6421875 0.07109375 0.1421875 0.13125
0 0.60390625 0.49453125 0.26875 0.31171875
0 0.5421875 0.27890625 0.0875 0.1859375