0 0.428125 0.30234375 0.1640625 0.16953125
0 0.03515625 0.4984375 0.065625 0.36640625
0 0.2078125 0.2890625 0.05234375 0.059375
0 0.26171875 0.25625 0.05234375 0.05390625
0 0.31875 0.23515625 0.02578125 0.04140625
0 0.3296875 0.340625 0.02421875 0.05625
0 0.27265625 0.3515625 0.034375 0.0234375
0 0.57265625 0.25625 0.065625 0.10703125
0 0.725 0.1953125 0.13828125 0.19375
1 0.21875 0.4109375 0.434375 0.815625
1 0.8609375 0.39609375 0.278125 0.75625
0 0.64296875 0.35546875 0.0296875 0.06875
1 0.6046875 0.378125 0.1421875 0.23203125
1 0.48125 0.4734375 0.0578125 0.10703125