0 0.34375 0.51015625 0.0984375 0.27109375
0 0.54296875 0.17578125 0.1203125 0.1796875
0 0.63359375 0.515625 0.121875 0.3625
0 0.803125 0.41875 0.07109375 0.1625
0 0.51171875 0.80859375 0.0609375 0.234375
0 0.628125 0.85546875 0.0390625 0.19140625
0 0.25390625 0.83984375 0.04375 0.12578125
0 0.353125 0.84296875 0.06640625 0.17734375
0 0.2109375 0.87421875 0.01875 0.2
1 0.6609375 0.16171875 0.08828125 0.29453125
1 0.35546875 0.2203125 0.0796875 0.24609375
1 0.8765625 0.55703125 0.07421875 0.47421875
0 0.1859375 0.73125 0.0359375 0.05703125
0 0.2484375 0.70859375 0.05625 0.06875
0 0.45859375 0.484375 0.1171875 0.12890625