0 0.20234375 0.59765625 0.2171875 0.2484375
0 0.68359375 0.5828125 0.2109375 0.23046875
0 0.53046875 0.84296875 0.14375 0.14765625
0 0.55 0.50859375 0.05703125 0.21328125
0 0.3828125 0.8109375 0.05 0.0828125
0 0.1859375 0.82265625 0.11015625 0.1421875
0 0.9734375 0.553125 0.053125 0.1125
0 0.06484375 0.78984375 0.03046875 0.053125
0 0.3046875 0.9171875 0.0734375 0.09453125
0 0.4546875 0.55625 0.03359375 0.1421875
0 0.4078125 0.5625 0.0265625 0.17734375
0 0.8328125 0.615625 0.03984375 0.07109375
1 0.37109375 0.68671875 0.24765625 0.4734375