0 0.31640625 0.70859375 0.03515625 0.14609375
0 0.19453125 0.63046875 0.021875 0.0796875
0 0.24609375 0.625 0.01953125 0.0765625
0 0.3953125 0.14921875 0.1703125 0.1390625
1 0.6546875 0.2046875 0.35546875 0.403125
0 0.5265625 0.65625 0.1109375 0.1390625
0 0.67890625 0.6859375 0.0484375 0.09375
0 0.76171875 0.73125 0.04296875 0.2671875
0 0.5234375 0.47578125 0.05078125 0.05546875
0 0.2859375 0.296875 0.0765625 0.0453125
0 0.53046875 0.5609375 0.084375 0.05234375
0 0.25 0.815625 0.015625 0.0140625
1 0.8890625 0.40078125 0.21875 0.7953125
0 0.61328125 0.64921875 0.02734375 0.0484375