0 0.2296875 0.534375 0.0515625 0.084375
1 0.5640625 0.32421875 0.20703125 0.2578125
0 0.70234375 0.8328125 0.08671875 0.1265625
0 0.91953125 0.8265625 0.09296875 0.203125
0 0.6640625 0.18984375 0.10546875 0.13984375
0 0.7515625 0.51484375 0.021875 0.034375
0 0.3078125 0.6265625 0.05078125 0.1328125
0 0.34921875 0.5015625 0.04921875 0.0828125
0 0.38671875 0.20625 0.0640625 0.15234375
0 0.384375 0.6359375 0.02421875 0.05234375
0 0.45 0.67109375 0.02421875 0.07265625
0 0.315625 0.0625 0.046875 0.1203125