0 0.440625 0.2265625 0.8765625 0.44765625
0 0.303125 0.48046875 0.046875 0.04921875
0 0.55 0.4703125 0.1421875 0.0234375
0 0.53125 0.5921875 0.10546875 0.1328125
0 0.63671875 0.578125 0.1015625 0.17734375
0 0.77265625 0.5296875 0.0328125 0.03359375
0 0.7078125 0.53125 0.0171875 0.02109375
0 0.7859375 0.47421875 0.0140625 0.03125
0 0.3265625 0.6578125 0.02734375 0.02890625
0 0.3796875 0.6625 0.053125 0.03359375
0 0.0203125 0.45859375 0.0171875 0.015625
1 0.26171875 0.1953125 0.2578125 0.375
1 0.77734375 0.18203125 0.4453125 0.359375