1 0.52109375 0.18984375 0.28203125 0.11875
0 0.875 0.440625 0.12578125 0.04609375
1 0.4703125 0.51171875 0.26015625 0.203125
1 0.775 0.81640625 0.221875 0.16171875
1 0.24375 0.81875 0.171875 0.221875
1 0.16015625 0.52265625 0.315625 0.20625
1 0.24296875 0.24296875 0.15 0.14609375
0 0.23984375 0.6203125 0.02421875 0.0171875
1 0.634375 0.82109375 0.06015625 0.06875
1 0.490625 0.82734375 0.14609375 0.04609375
0 0.5046875 0.24296875 0.05 0.03984375
0 0.45625 0.234375 0.0359375 0.02578125
1 0.8515625 0.2140625 0.296875 0.1625