0 0.91640625 0.8953125 0.0515625 0.09609375
0 0.2796875 0.88984375 0.05703125 0.125
1 0.83359375 0.77578125 0.16875 0.24296875
0 0.846875 0.9046875 0.06171875 0.09609375
0 0.775 0.890625 0.0515625 0.1265625
0 0.6671875 0.90234375 0.090625 0.1078125
0 0.534375 0.87890625 0.0859375 0.146875
0 0.4140625 0.8625 0.09375 0.18671875
0 0.20859375 0.91640625 0.0125 0.04765625
0 0.1015625 0.8734375 0.05390625 0.1390625
1 0.6625 0.7828125 0.09375 0.178125
1 0.646875 0.4703125 0.08125 0.396875
1 0.80078125 0.54765625 0.078125 0.18828125