0 0.7359375 0.5546875 0.196875 0.15
0 0.98671875 0.50703125 0.0234375 0.10546875
0 0.3171875 0.64140625 0.04375 0.0890625
0 0.43828125 0.6359375 0.0484375 0.10546875
1 0.50234375 0.2203125 0.0515625 0.1078125
0 0.25703125 0.20390625 0.1203125 0.31875
0 0.4984375 0.0640625 0.08125 0.12421875
0 0.70859375 0.31484375 0.0296875 0.08203125
0 0.60390625 0.021875 0.0828125 0.03984375
0 0.15859375 0.228125 0.0359375 0.04453125
0 0.0328125 0.265625 0.065625 0.08203125
0 0.45078125 0.25390625 0.0390625 0.06328125
0 0.45546875 0.41484375 0.0671875 0.065625
0 0.3953125 0.1625 0.084375 0.26484375