1 0.4453125 0.271875 0.503125 0.53828125
1 0.23203125 0.6125 0.1453125 0.25078125
0 0.67890625 0.3609375 0.1984375 0.1640625
0 0.52734375 0.18515625 0.1421875 0.1734375
0 0.43203125 0.36796875 0.1453125 0.15
0 0.3546875 0.6203125 0.140625 0.3609375
0 0.2671875 0.28125 0.034375 0.0515625
0 0.26875 0.39453125 0.01875 0.03515625
0 0.5953125 0.64140625 0.25625 0.365625
0 0.459375 0.79140625 0.025 0.0234375
0 0.421875 0.79140625 0.03125 0.0234375
0 0.7546875 0.790625 0.0125 0.02109375
0 0.43984375 0.67421875 0.0890625 0.075