0 0.62421875 0.67578125 0.03125 0.1109375
0 0.28984375 0.55078125 0.0375 0.06875
0 0.3765625 0.51796875 0.04453125 0.07578125
0 0.42265625 0.48671875 0.02421875 0.0515625
0 0.4890625 0.421875 0.01328125 0.059375
0 0.92890625 0.71875 0.02734375 0.040625
0 0.65625 0.9046875 0.02734375 0.05390625
0 0.2578125 0.225 0.021875 0.04296875
1 0.746875 0.50078125 0.41015625 0.9984375
1 0.3609375 0.2515625 0.24453125 0.5
0 0.34921875 0.45546875 0.02265625 0.02578125
0 0.76171875 0.9765625 0.01484375 0.028125