0 0.28828125 0.40390625 0.0125 0.0203125
0 0.3125 0.403125 0.01640625 0.021875
0 0.14921875 0.3921875 0.01015625 0.0125
0 0.82734375 0.66875 0.02109375 0.028125
0 0.90078125 0.61015625 0.0265625 0.0140625
0 0.9453125 0.59296875 0.00703125 0.0203125
0 0.7796875 0.5609375 0.0109375 0.01875
0 0.68515625 0.68984375 0.16328125 0.1296875
0 0.55546875 0.6125 0.0609375 0.084375
0 0.45390625 0.57890625 0.05625 0.0265625
0 0.24609375 0.4859375 0.0640625 0.0625
0 0.31875 0.52109375 0.01796875 0.0359375
0 0.36171875 0.540625 0.0359375 0.028125
0 0.3671875 0.39375 0.02734375 0.01875
0 0.44765625 0.41015625 0.06640625 0.0421875
0 0.50859375 0.41171875 0.02265625 0.0234375
1 0.41171875 0.31171875 0.59375 0.6203125
1 0.8515625 0.54921875 0.15 0.1921875