0 0.2 0.4265625 0.0734375 0.18359375
0 0.5203125 0.515625 0.24375 0.234375
0 0.73828125 0.56875 0.078125 0.11484375
0 0.49140625 0.365625 0.0671875 0.1171875
0 0.58515625 0.30546875 0.059375 0.1390625
0 0.68671875 0.32890625 0.0578125 0.04296875
0 0.6921875 0.09453125 0.01953125 0.040625
0 0.81875 0.3421875 0.0671875 0.02890625
0 0.81171875 0.39140625 0.0578125 0.0375
1 0.27421875 0.378125 0.0875 0.1890625
0 0.334375 0.5296875 0.1234375 0.0859375
0 0.8453125 0.62890625 0.05859375 0.0546875
0 0.77109375 0.64453125 0.03828125 0.03125
0 0.96484375 0.68359375 0.03125 0.06015625
0 0.6921875 0.03671875 0.0140625 0.03671875