0 0.4984375 0.5265625 0.99375 0.2015625
0 0.096875 0.9046875 0.190625 0.08046875
0 0.725 0.65703125 0.02265625 0.0546875
1 0.3640625 0.24453125 0.72734375 0.48671875
0 0.7 0.809375 0.04609375 0.10703125
0 0.3203125 0.89140625 0.209375 0.06171875
0 0.27890625 0.9546875 0.0828125 0.04296875
0 0.63984375 0.89765625 0.259375 0.05390625
0 0.43125 0.66328125 0.02578125 0.05390625
0 0.46875 0.66015625 0.021875 0.05703125
0 0.83984375 0.64921875 0.02578125 0.04609375
0 0.88125 0.6453125 0.021875 0.0453125
0 0.921875 0.6515625 0.0265625 0.05390625
0 0.87734375 0.9015625 0.05859375 0.04765625
0 0.9703125 0.9125 0.040625 0.0609375
0 0.7265625 0.96640625 0.02890625 0.028125
0 0.8828125 0.2453125 0.23359375 0.4890625