0 0.3484375 0.54140625 0.65703125 0.190625
0 0.38828125 0.690625 0.16328125 0.11875
0 0.94453125 0.68359375 0.1109375 0.1671875
0 0.58359375 0.69375 0.0796875 0.065625
0 0.46640625 0.934375 0.146875 0.08359375
0 0.63828125 0.94609375 0.05 0.10703125
0 0.63359375 0.76171875 0.0734375 0.11875
0 0.421875 0.7890625 0.05703125 0.05390625
0 0.51171875 0.75625 0.0703125 0.059375
0 0.32109375 0.97578125 0.0234375 0.0484375
0 0.78515625 0.628125 0.05703125 0.05390625
0 0.78671875 0.7234375 0.06640625 0.065625
0 0.821875 0.8125 0.11015625 0.07734375
0 0.96953125 0.865625 0.0609375 0.078125
0 0.89140625 0.91953125 0.0765625 0.1015625
1 0.33515625 0.19609375 0.08984375 0.38125