0 0.19921875 0.3765625 0.234375 0.23359375
0 0.5 0.58671875 0.13125 0.33359375
0 0.1171875 0.6765625 0.14765625 0.06015625
0 0.253125 0.86953125 0.2375 0.2609375
0 0.6234375 0.91796875 0.08984375 0.15703125
0 0.65625 0.5796875 0.1328125 0.16015625
0 0.82890625 0.7546875 0.33125 0.23671875
0 0.96484375 0.52109375 0.0703125 0.1296875
1 0.1734375 0.18203125 0.3015625 0.33671875
1 0.84375 0.4453125 0.1890625 0.396875
0 0.3484375 0.65859375 0.05234375 0.03671875
0 0.08359375 0.83515625 0.065625 0.096875