0 0.11953125 0.29140625 0.23203125 0.571875
0 0.934375 0.65703125 0.1234375 0.30390625
0 0.43828125 0.80390625 0.0421875 0.06171875
0 0.4765625 0.31171875 0.18125 0.30390625
0 0.62578125 0.4046875 0.05390625 0.09765625
0 0.6234375 0.528125 0.0578125 0.10859375
0 0.54609375 0.615625 0.05 0.04609375
0 0.403125 0.52578125 0.05 0.1234375
0 0.30078125 0.396875 0.1234375 0.103125
0 0.31640625 0.528125 0.08515625 0.11875
0 0.803125 0.4484375 0.1078125 0.66015625
0 0.9 0.40234375 0.04609375 0.175
0 0.59453125 0.09765625 0.30859375 0.175
1 0.19921875 0.6984375 0.39765625 0.35546875
1 0.2609375 0.134375 0.52109375 0.2578125