0 0.33984375 0.24609375 0.3796875 0.46875
0 0.2171875 0.571875 0.06171875 0.12890625
0 0.415625 0.73125 0.15625 0.1953125
0 0.0953125 0.8046875 0.17421875 0.1921875
0 0.23125 0.7734375 0.03828125 0.06875
0 0.2921875 0.728125 0.08828125 0.146875
0 0.578125 0.615625 0.04375 0.0484375
0 0.6453125 0.6234375 0.021875 0.0328125
0 0.52734375 0.8875 0.02578125 0.0328125
0 0.52421875 0.9328125 0.01171875 0.02109375
1 0.76328125 0.1984375 0.4703125 0.37265625
1 0.09921875 0.35 0.1859375 0.68203125
1 0.47109375 0.44609375 0.3421875 0.35703125