0 0.7390625 0.31015625 0.18984375 0.14765625
0 0.3328125 0.3890625 0.40625 0.0859375
0 0.4671875 0.23203125 0.35390625 0.1359375
1 0.55703125 0.1953125 0.8859375 0.3859375
0 0.62734375 0.603125 0.20234375 0.0421875
0 0.9859375 0.5390625 0.028125 0.08984375
0 0.775 0.71484375 0.10234375 0.0421875
0 0.67890625 0.4359375 0.03828125 0.05234375
0 0.78515625 0.42578125 0.021875 0.0359375
0 0.6390625 0.9734375 0.03125 0.053125
0 0.93828125 0.89296875 0.028125 0.03828125
0 0.4609375 0.62890625 0.1140625 0.05390625
0 0.49296875 0.5609375 0.034375 0.03828125
0 0.41171875 0.565625 0.04765625 0.02421875
0 0.58125 0.41484375 0.04609375 0.04609375