0 0.82265625 0.51796875 0.35234375 0.1765625
1 0.759375 0.4078125 0.1890625 0.23828125
1 0.39921875 0.2859375 0.26640625 0.45859375
0 0.29921875 0.60625 0.5984375 0.55
0 0.93984375 0.68515625 0.0375 0.13984375
0 0.8984375 0.6859375 0.03515625 0.14140625
0 0.85625 0.684375 0.03515625 0.13515625
0 0.8140625 0.68359375 0.03125 0.13671875
0 0.7515625 0.653125 0.0265625 0.03671875
0 0.6859375 0.65 0.0265625 0.03671875
0 0.71484375 0.790625 0.08984375 0.19140625
0 0.9484375 0.83984375 0.02265625 0.03359375
0 0.87734375 0.83515625 0.02265625 0.0296875
0 0.8109375 0.8375 0.02890625 0.0453125