0 0.96953125 0.8140625 0.05625 0.03828125
0 0.3625 0.69921875 0.19375 0.190625
0 0.7796875 0.571875 0.0703125 0.05859375
0 0.55078125 0.61015625 0.34375 0.17578125
0 0.0234375 0.6921875 0.046875 0.053125
1 0.9046875 0.56484375 0.1875 0.3140625
1 0.5 0.41328125 0.21875 0.29296875
0 0.534375 0.75234375 0.0375 0.0265625
0 0.484375 0.7859375 0.04296875 0.0296875
0 0.4828125 0.7375 0.05078125 0.05
0 0.49375 0.82421875 0.05078125 0.0234375
1 0.6546875 0.75390625 0.13671875 0.1171875
0 0.88671875 0.85625 0.015625 0.0296875
0 0.9578125 0.77109375 0.0796875 0.053125
0 0.35078125 0.58046875 0.0375 0.0296875