1 0.596875 0.6453125 0.44296875 0.5984375
0 0.809375 0.94375 0.0328125 0.03203125
0 0.71171875 0.95546875 0.00859375 0.03125
0 0.675 0.9390625 0.00859375 0.021875
0 0.5296875 0.915625 0.01328125 0.034375
0 0.50703125 0.91953125 0.02265625 0.05546875
0 0.48046875 0.940625 0.01015625 0.03359375
0 0.4578125 0.9359375 0.0140625 0.03359375
0 0.4125 0.95078125 0.01953125 0.03359375
0 0.375 0.93828125 0.0125 0.02890625
0 0.35390625 0.94609375 0.01640625 0.028125
0 0.39296875 0.946875 0.01015625 0.02890625