1 0.09921875 0.56015625 0.12578125 0.38046875
0 0.05625 0.83046875 0.1078125 0.14375
0 0.171875 0.76796875 0.08828125 0.16015625
0 0.25 0.35078125 0.04375 0.04375
0 0.2453125 0.4390625 0.05390625 0.03515625
0 0.465625 0.20234375 0.11171875 0.0625
0 0.47265625 0.39140625 0.08984375 0.10859375
0 0.42421875 0.7203125 0.05234375 0.06484375
0 0.51171875 0.75546875 0.02421875 0.06484375
0 0.6953125 0.70625 0.10625 0.1359375
0 0.8046875 0.67109375 0.0296875 0.22265625
0 0.95 0.5390625 0.09609375 0.17109375
0 0.93515625 0.825 0.1296875 0.165625
0 0.821875 0.32890625 0.08828125 0.08125
0 0.22421875 0.11796875 0.05625 0.04609375
1 0.278125 0.2515625 0.1796875 0.334375
0 0.64375 0.19296875 0.03203125 0.07578125