0 0.1171875 0.41796875 0.06015625 0.07265625
0 0.30703125 0.24375 0.1984375 0.4734375
0 0.4671875 0.878125 0.090625 0.08515625
0 0.8421875 0.30234375 0.23828125 0.434375
1 0.3390625 0.57265625 0.665625 0.5
1 0.50625 0.21015625 0.36171875 0.4078125
1 0.18984375 0.20078125 0.23515625 0.38828125
1 0.79375 0.53984375 0.10546875 0.25
1 0.89453125 0.60546875 0.2109375 0.73671875
0 0.48203125 0.68125 0.03046875 0.11171875
1 0.73671875 0.29296875 0.13515625 0.4015625
0 0.64296875 0.7171875 0.24375 0.4734375