0 0.46328125 0.60390625 0.1390625 0.09140625
0 0.4265625 0.47890625 0.028125 0.053125
0 0.33515625 0.596875 0.0234375 0.04453125
0 0.14140625 0.503125 0.1765625 0.1390625
0 0.59296875 0.53046875 0.0390625 0.0609375
1 0.70078125 0.35859375 0.5890625 0.3390625
1 0.1109375 0.44140625 0.10625 0.08359375
0 0.80625 0.515625 0.01875 0.025
0 0.7015625 0.48203125 0.015625 0.04140625
0 0.64765625 0.503125 0.0203125 0.028125
0 0.5671875 0.5734375 0.015625 0.01953125
0 0.546875 0.5734375 0.01875 0.025
0 0.30625 0.6 0.0125 0.021875