0 0.85390625 0.9515625 0.12109375 0.09609375
0 0.70546875 0.76875 0.19140625 0.2703125
0 0.3703125 0.78359375 0.2953125 0.16484375
0 0.18046875 0.7203125 0.0765625 0.109375
0 0.17265625 0.6265625 0.0421875 0.07734375
0 0.196875 0.37734375 0.0953125 0.03984375
0 0.31953125 0.3921875 0.11875 0.02421875
0 0.5234375 0.5015625 0.1765625 0.10390625
0 0.3484375 0.578125 0.16171875 0.07578125
0 0.50390625 0.4375 0.06875 0.046875
0 0.61640625 0.40390625 0.14921875 0.028125
0 0.21328125 0.6125 0.03359375 0.03046875
1 0.8890625 0.79375 0.21875 0.2875
1 0.584375 0.19296875 0.82890625 0.38203125
1 0.8125 0.4578125 0.23515625 0.109375