0 0.6953125 0.33515625 0.1796875 0.3140625
0 0.4203125 0.41796875 0.2078125 0.3859375
0 0.3546875 0.915625 0.0265625 0.0234375
0 0.56796875 0.75703125 0.0421875 0.096875
0 0.71015625 0.74921875 0.09140625 0.12109375
0 0.83984375 0.70546875 0.071875 0.03671875
0 0.22890625 0.55703125 0.07109375 0.09921875
1 0.265625 0.41640625 0.209375 0.1890625
0 0.4390625 0.77265625 0.05 0.0875
0 0.35625 0.65078125 0.07109375 0.015625
0 0.4609375 0.653125 0.01875 0.0328125
0 0.5328125 0.65234375 0.04609375 0.0390625
0 0.81484375 0.7609375 0.02265625 0.0609375
0 0.85078125 0.7609375 0.0453125 0.0734375
0 0.825 0.571875 0.0734375 0.0390625
0 0.921875 0.640625 0.021875 0.02890625