0 0.371875 0.31015625 0.02109375 0.0703125
0 0.51796875 0.4140625 0.02109375 0.06015625
0 0.8 0.75234375 0.03828125 0.08203125
0 0.8234375 0.38046875 0.353125 0.63046875
1 0.0453125 0.40234375 0.02578125 0.09609375
1 0.5828125 0.3203125 0.18828125 0.63984375
1 0.3 0.28671875 0.39375 0.509375
0 0.31328125 0.47578125 0.009375 0.0453125
0 0.3296875 0.46640625 0.0140625 0.0578125
0 0.35390625 0.48515625 0.01796875 0.03984375
1 0.703125 0.8796875 0.128125 0.240625
0 0.9015625 0.846875 0.19609375 0.30546875