0 0.14296875 0.3921875 0.28515625 0.25703125
0 0.54296875 0.3546875 0.14609375 0.09609375
0 0.2921875 0.35 0.09453125 0.05546875
0 0.7 0.36328125 0.0828125 0.04609375
0 0.8890625 0.37265625 0.05625 0.0390625
0 0.6234375 0.565625 0.07890625 0.10546875
0 0.37890625 0.77578125 0.10078125 0.03203125
0 0.62734375 0.76328125 0.0765625 0.05703125
0 0.8125 0.5546875 0.06953125 0.08203125
0 0.1390625 0.78671875 0.08515625 0.04453125
0 0.4640625 0.634375 0.11875 0.07109375
0 0.6953125 0.646875 0.06484375 0.04296875
0 0.20078125 0.54609375 0.1234375 0.0515625
0 0.390625 0.57109375 0.040625 0.09453125
1 0.58125 0.2546875 0.2453125 0.11796875