0 0.24609375 0.56015625 0.20703125 0.0625
0 0.5765625 0.453125 0.03515625 0.03125
0 0.78515625 0.43515625 0.0703125 0.05234375
1 0.825 0.49609375 0.35 0.17421875
1 0.50078125 0.13828125 0.9984375 0.27109375
1 0.8828125 0.415625 0.0546875 0.0390625
1 0.31328125 0.40390625 0.4234375 0.27109375
0 0.5609375 0.5375 0.06640625 0.02890625
0 0.621875 0.578125 0.0609375 0.05703125
0 0.7203125 0.5375 0.12890625 0.02890625
0 0.8109375 0.58203125 0.0546875 0.04453125
0 0.403125 0.53515625 0.05625 0.02890625