0 0.421875 0.36953125 0.28984375 0.30546875
1 0.6984375 0.25546875 0.60234375 0.50859375
0 0.2546875 0.27578125 0.0328125 0.06640625
0 0.2 0.6296875 0.15078125 0.21875
0 0.08203125 0.66171875 0.04296875 0.06640625
0 0.0203125 0.596875 0.03984375 0.13671875
0 0.378125 0.74609375 0.04765625 0.11015625
0 0.19296875 0.81953125 0.075 0.03203125
0 0.35234375 0.83984375 0.06171875 0.06484375
0 0.61015625 0.64140625 0.06015625 0.22890625
1 0.40390625 0.61171875 0.3453125 0.29296875
0 0.51328125 0.78984375 0.0359375 0.05546875
0 0.53671875 0.846875 0.09453125 0.05
0 0.71484375 0.85 0.03984375 0.0296875
0 0.89921875 0.80390625 0.025 0.05546875
0 0.9140625 0.8828125 0.0765625 0.0265625
0 0.63359375 0.853125 0.05546875 0.03828125