0 0.559375 0.5671875 0.29765625 0.30234375
0 0.584375 0.8484375 0.0890625 0.0421875
0 0.39609375 0.82109375 0.0703125 0.05234375
0 0.16171875 0.40390625 0.3171875 0.66796875
0 0.109375 0.7859375 0.21875 0.11953125
0 0.61171875 0.22421875 0.1390625 0.2671875
0 0.2765625 0.8296875 0.07734375 0.03984375
0 0.46171875 0.82734375 0.02421875 0.03984375
0 0.54296875 0.7609375 0.028125 0.0484375
0 0.60859375 0.775 0.02265625 0.0421875
0 0.7546875 0.6875 0.03125 0.03828125
0 0.3578125 0.603125 0.07265625 0.16015625