0 0.2125 0.678125 0.1015625 0.10703125
0 0.16796875 0.5453125 0.078125 0.1171875
0 0.26875 0.54140625 0.115625 0.11484375
0 0.7203125 0.47109375 0.23828125 0.39609375
0 0.4390625 0.2203125 0.18359375 0.43515625
0 0.44140625 0.5859375 0.0859375 0.28671875
0 0.546875 0.6625 0.1015625 0.06015625
0 0.93046875 0.3671875 0.0453125 0.06796875
0 0.25859375 0.296875 0.1703125 0.33359375
0 0.11015625 0.37265625 0.0296875 0.03125
0 0.45625 0.8734375 0.021875 0.02890625
0 0.07734375 0.62890625 0.009375 0.0234375