0 0.553125 0.440625 0.10625 0.52421875
0 0.95390625 0.4375 0.084375 0.5078125
0 0.72578125 0.159375 0.02578125 0.08125
0 0.675 0.11640625 0.04765625 0.11328125
0 0.8640625 0.35703125 0.0296875 0.06484375
0 0.39921875 0.621875 0.15078125 0.19453125
0 0.38203125 0.5375 0.0515625 0.0484375
0 0.25703125 0.32734375 0.04375 0.15703125
0 0.27578125 0.6328125 0.08125 0.140625
0 0.19453125 0.64296875 0.0734375 0.09765625
0 0.19296875 0.15703125 0.040625 0.1296875
0 0.07734375 0.421875 0.1546875 0.60546875
0 0.73125 0.7109375 0.08125 0.02734375
0 0.77734375 0.3484375 0.084375 0.0484375
0 0.7203125 0.4703125 0.28671875 0.45390625