0 0.51875 0.14453125 0.01875 0.03203125
0 0.81171875 0.7984375 0.0203125 0.05390625
0 0.9875 0.98828125 0.021875 0.0234375
0 0.50234375 0.39375 0.028125 0.0375
0 0.55390625 0.453125 0.04296875 0.0734375
0 0.628125 0.48046875 0.03515625 0.0671875
0 0.6828125 0.57734375 0.05703125 0.07109375
0 0.71328125 0.628125 0.04375 0.0453125
0 0.7421875 0.4484375 0.03671875 0.0359375
0 0.77265625 0.496875 0.06640625 0.06953125
0 0.84609375 0.5734375 0.05703125 0.08359375
0 0.8859375 0.6765625 0.04296875 0.0515625
0 0.9890625 0.90546875 0.01875 0.0296875
0 0.96875 0.784375 0.05859375 0.109375