0 0.55390625 0.5765625 0.025 0.06796875
0 0.8 0.5234375 0.0296875 0.075
0 0.3453125 0.5484375 0.025 0.05390625
0 0.08828125 0.53203125 0.025 0.05703125
0 0.04765625 0.3375 0.04453125 0.09609375
0 0.74140625 0.5 0.03359375 0.05703125
0 0.96015625 0.50390625 0.0296875 0.05703125
0 0.5359375 0.5140625 0.03125 0.05703125
0 0.5640625 0.49296875 0.0296875 0.05
0 0.1171875 0.4890625 0.02734375 0.05703125
0 0.178125 0.44453125 0.03984375 0.075
0 0.36171875 0.4265625 0.03828125 0.06796875
0 0.9875 0.33359375 0.025 0.10390625
0 0.703125 0.44609375 0.0421875 0.07890625