0 0.2734375 0.18203125 0.0328125 0.15703125
0 0.7109375 0.1734375 0.0484375 0.18203125
0 0.8765625 0.72890625 0.04296875 0.09296875
0 0.60546875 0.7234375 0.0359375 0.1609375
0 0.4453125 0.71796875 0.03046875 0.15
0 0.5703125 0.175 0.0359375 0.1640625
0 0.12734375 0.4265625 0.08671875 0.18203125
0 0.2875 0.72890625 0.0359375 0.17890625
0 0.1390625 0.18203125 0.0484375 0.14296875
0 0.128125 0.73046875 0.03828125 0.20390625
0 0.85234375 0.17109375 0.0359375 0.1640625
0 0.8375 0.4375 0.05625 0.13203125
0 0.45546875 0.45859375 0.05625 0.13203125
0 0.42109375 0.1765625 0.04296875 0.1609375
0 0.29296875 0.44453125 0.121875 0.16796875
0 0.725 0.4609375 0.05625 0.12109375
0 0.58046875 0.45390625 0.05625 0.12109375
0 0.728125 0.74140625 0.05078125 0.06796875