0 0.13671875 0.48828125 0.2234375 0.16875
0 0.2375 0.15078125 0.071875 0.0734375
0 0.840625 0.58984375 0.31875 0.2578125
0 0.315625 0.675 0.146875 0.11171875
0 0.59140625 0.38671875 0.1796875 0.075
0 0.11015625 0.9359375 0.0453125 0.0453125
0 0.18125 0.9234375 0.025 0.025
0 0.64453125 0.73203125 0.0265625 0.075
0 0.73515625 0.7421875 0.0359375 0.04140625
0 0.04921875 0.7421875 0.0640625 0.059375
0 0.84296875 0.7375 0.0359375 0.04140625
0 0.759375 0.3953125 0.084375 0.06875
0 0.2734375 0.8765625 0.028125 0.03671875
0 0.6046875 0.64140625 0.028125 0.03671875