0 0.3296875 0.3890625 0.03203125 0.0859375
0 0.6078125 0.0484375 0.034375 0.0390625
0 0.66015625 0.60859375 0.040625 0.075
0 0.89609375 0.7125 0.040625 0.06796875
0 0.55078125 0.6984375 0.040625 0.08203125
0 0.4625 0.57890625 0.0375 0.10703125
0 0.221875 0.60859375 0.034375 0.0609375
0 0.24921875 0.7515625 0.071875 0.125
0 0.0765625 0.7015625 0.04921875 0.0890625
0 0.16015625 0.5125 0.02578125 0.05390625
0 0.05078125 0.41796875 0.03203125 0.0640625
0 0.18046875 0.36796875 0.02578125 0.0359375
0 0.06484375 0.2265625 0.02578125 0.0609375
0 0.0765625 0.13046875 0.03203125 0.04609375
0 0.15 0.1 0.02890625 0.05
0 0.3 0.07109375 0.02890625 0.04296875
0 0.19140625 0.17109375 0.04296875 0.04296875