0 0.446875 0.440625 0.10625 0.52421875
0 0.04609375 0.4375 0.084375 0.5078125
0 0.27421875 0.159375 0.02578125 0.08125
0 0.325 0.11640625 0.04765625 0.11328125
0 0.1359375 0.35703125 0.0296875 0.06484375
0 0.60078125 0.621875 0.15078125 0.19453125
0 0.61796875 0.5375 0.0515625 0.0484375
0 0.74296875 0.32734375 0.04375 0.15703125
0 0.72421875 0.6328125 0.08125 0.140625
0 0.80546875 0.64296875 0.0734375 0.09765625
0 0.80703125 0.15703125 0.040625 0.1296875
0 0.92265625 0.421875 0.1546875 0.60546875
0 0.26875 0.7109375 0.08125 0.02734375
0 0.22265625 0.3484375 0.084375 0.0484375
0 0.2796875 0.4703125 0.28671875 0.45390625