0 0.12578125 0.63046875 0.0203125 0.06796875
0 0.13046875 0.8109375 0.0203125 0.0640625
0 0.29765625 0.79453125 0.02578125 0.0609375
0 0.528125 0.79453125 0.0203125 0.04609375
0 0.66171875 0.7890625 0.0203125 0.05703125
0 0.89140625 0.79140625 0.0234375 0.05390625
0 0.2265625 0.6140625 0.0234375 0.07109375
0 0.33984375 0.62109375 0.0234375 0.05703125
0 0.4421875 0.6109375 0.0234375 0.07109375
0 0.54609375 0.60390625 0.0203125 0.0859375
0 0.64453125 0.6109375 0.0234375 0.07109375
0 0.74609375 0.60703125 0.02578125 0.07109375
0 0.865625 0.6125 0.01796875 0.06796875