0 0.84375 0.7875 0.125 0.11328125
0 0.96484375 0.9015625 0.0703125 0.115625
0 0.4390625 0.98046875 0.0546875 0.0390625
0 0.17421875 0.66796875 0.203125 0.1796875
0 0.390625 0.6546875 0.0625 0.04296875
0 0.51796875 0.42890625 0.04140625 0.06875
0 0.5796875 0.484375 0.0390625 0.046875
0 0.203125 0.8546875 0.0625 0.0765625
0 0.13828125 0.9640625 0.13046875 0.040625
0 0.50234375 0.77421875 0.02109375 0.0328125
0 0.6171875 0.96953125 0.0625 0.0296875
0 0.36484375 0.9703125 0.05234375 0.046875
0 0.821875 0.640625 0.09140625 0.1171875
0 0.70859375 0.665625 0.02578125 0.10546875
0 0.75 0.48359375 0.05234375 0.071875
0 0.65234375 0.83671875 0.0234375 0.053125
0 0.71875 0.8375 0.05703125 0.05078125
0 0.875 0.978125 0.02578125 0.0234375