0 0.73828125 0.20859375 0.16796875 0.41171875
0 0.13046875 0.4828125 0.19609375 0.2890625
0 0.18515625 0.89140625 0.1390625 0.15703125
0 0.8140625 0.6609375 0.15859375 0.1875
0 0.975 0.82734375 0.04609375 0.071875
0 0.88984375 0.87421875 0.05390625 0.053125
0 0.34375 0.81171875 0.1546875 0.25703125
0 0.52265625 0.7 0.153125 0.21953125
0 0.89765625 0.40078125 0.09140625 0.1109375
0 0.51953125 0.37421875 0.2234375 0.25703125
0 0.50546875 0.125 0.33515625 0.2453125
0 0.275 0.5078125 0.08984375 0.1734375
0 0.04609375 0.70390625 0.07109375 0.06953125