0 0.81640625 0.24765625 0.21875 0.459375
0 0.9046875 0.77734375 0.0171875 0.02578125
0 0.80625 0.7765625 0.0265625 0.028125
0 0.16796875 0.55078125 0.21875 0.3265625
0 0.075 0.63125 0.01015625 0.02734375
0 0.0890625 0.6296875 0.0078125 0.02421875
0 0.10546875 0.63046875 0.00625 0.02421875
0 0.1234375 0.628125 0.0078125 0.0265625
0 0.0734375 0.69140625 0.00703125 0.02421875
0 0.08984375 0.690625 0.00703125 0.02421875
0 0.10625 0.68984375 0.00625 0.03046875
0 0.12265625 0.690625 0.00703125 0.02734375
0 0.0734375 0.7515625 0.00703125 0.021875
0 0.0890625 0.753125 0.00625 0.02265625
0 0.10390625 0.76484375 0.0109375 0.05625
0 0.1203125 0.7515625 0.00625 0.02734375
0 0.1484375 0.75234375 0.01640625 0.03046875
0 0.18515625 0.75234375 0.01484375 0.03046875
0 0.1859375 0.68984375 0.0125 0.02734375
0 0.22421875 0.69296875 0.01328125 0.02421875
0 0.22265625 0.63046875 0.01171875 0.02734375
0 0.221875 0.75234375 0.01171875 0.03203125
0 0.26171875 0.7578125 0.02109375 0.040625
0 0.290625 0.57109375 0.009375 0.0265625
0 0.2890625 0.6296875 0.00546875 0.03203125
0 0.28828125 0.69453125 0.00859375 0.02265625
0 0.2875 0.75625 0.00625 0.03046875
0 0.3078125 0.75546875 0.0125 0.03046875
0 0.3296875 0.7671875 0.01171875 0.05390625
0 0.33046875 0.69375 0.009375 0.02734375
0 0.3078125 0.690625 0.00546875 0.0234375
0 0.30859375 0.62734375 0.0109375 0.03046875
0 0.309375 0.56171875 0.00859375 0.02734375
0 0.33125 0.56328125 0.01171875 0.03203125
0 0.35234375 0.5609375 0.009375 0.0234375
0 0.3515625 0.6234375 0.00546875 0.0265625
0 0.35 0.69296875 0.01015625 0.02109375
0 0.35234375 0.7546875 0.00859375 0.02890625
0 0.38515625 0.75546875 0.02421875 0.03515625
0 0.41640625 0.7578125 0.0171875 0.03359375
0 0.45390625 0.75546875 0.01796875 0.02890625
0 0.453125 0.69453125 0.01484375 0.03203125
0 0.490625 0.56640625 0.01953125 0.03125
0 0.48828125 0.63046875 0.015625 0.02890625
0 0.490625 0.69375 0.015625 0.0296875
0 0.490625 0.759375 0.015625 0.02734375
0 0.58671875 0.64375 0.0109375 0.02421875
0 0.5875 0.70546875 0.0078125 0.02734375
0 0.58828125 0.76875 0.01171875 0.02578125
0 0.56171875 0.7671875 0.01640625 0.05078125
0 0.6125 0.7671875 0.015625 0.02578125
0 0.61484375 0.70859375 0.01171875 0.02421875
0 0.61484375 0.64453125 0.0109375 0.021875
0 0.64765625 0.6453125 0.01484375 0.02578125
0 0.678125 0.64375 0.0109375 0.02109375
0 0.7078125 0.64765625 0.0078125 0.02109375
0 0.734375 0.6484375 0.01015625 0.0203125
0 0.765625 0.65 0.009375 0.01953125
0 0.7671875 0.70703125 0.0078125 0.028125
0 0.4859375 0.41171875 0.403125 0.775