0 0.50546875 0.59140625 0.04609375 0.15390625
0 0.7203125 0.4625 0.04609375 0.14609375
0 0.29375 0.5125 0.04375 0.14609375
0 0.171875 0.4 0.06171875 0.12890625
0 0.5140625 0.4109375 0.0484375 0.12890625
0 0.81171875 0.3984375 0.05390625 0.11796875
0 0.5859375 0.3359375 0.1 0.14296875
0 0.34765625 0.33046875 0.07421875 0.16796875
0 0.08203125 0.3609375 0.04609375 0.10703125
0 0.22578125 0.33046875 0.0515625 0.10390625
0 0.14140625 0.30390625 0.06171875 0.1
0 0.48203125 0.3125 0.0515625 0.1109375
0 0.74609375 0.3140625 0.0765625 0.1140625
0 0.95234375 0.30703125 0.084375 0.1359375
0 0.87421875 0.375 0.0515625 0.09296875
0 0.01015625 0.32890625 0.015625 0.09296875