0 0.840625 0.13984375 0.3140625 0.253125
0 0.61875 0.4109375 0.17421875 0.18984375
0 0.51484375 0.2734375 0.19375 0.3046875
0 0.4 0.190625 0.06796875 0.07421875
0 0.8078125 0.615625 0.0921875 0.07109375
0 0.8078125 0.34375 0.04765625 0.115625
0 0.71171875 0.4765625 0.03984375 0.0578125
0 0.72578125 0.52734375 0.028125 0.02734375
0 0.2890625 0.49296875 0.01796875 0.025
0 0.059375 0.50859375 0.01796875 0.0328125
0 0.27109375 0.4875 0.021875 0.03046875
0 0.8609375 0.6921875 0.05 0.03828125
0 0.3390625 0.5546875 0.01796875 0.021875
0 0.43515625 0.41796875 0.06171875 0.065625
0 0.78984375 0.5484375 0.0640625 0.06328125