0 0.78515625 0.29453125 0.4234375 0.57734375
0 0.01328125 0.0859375 0.0265625 0.04140625
0 0.91640625 0.92265625 0.16015625 0.11875
0 0.375 0.4609375 0.203125 0.25625
0 0.28671875 0.82109375 0.1734375 0.1546875
0 0.16640625 0.54140625 0.0796875 0.07109375
0 0.16328125 0.3984375 0.03984375 0.04765625
0 0.6515625 0.88359375 0.03671875 0.05390625
0 0.49296875 0.61875 0.0203125 0.0359375
0 0.503125 0.4015625 0.03359375 0.05390625
0 0.09296875 0.48515625 0.03359375 0.07734375
0 0.08359375 0.64296875 0.1265625 0.14296875