0 0.434375 0.76796875 0.20703125 0.25703125
0 0.1765625 0.31171875 0.06875 0.2515625
0 0.6015625 0.73515625 0.0546875 0.07109375
0 0.7328125 0.8390625 0.0546875 0.08203125
0 0.6234375 0.4703125 0.0984375 0.1640625
0 0.965625 0.5984375 0.06875 0.28984375
0 0.8984375 0.53828125 0.02890625 0.07109375
0 0.9109375 0.82265625 0.03984375 0.06015625
0 0.87421875 0.67734375 0.10546875 0.153125
0 0.6421875 0.62578125 0.04765625 0.08203125
0 0.71796875 0.609375 0.03984375 0.09296875
0 0.41796875 0.478125 0.021875 0.09296875