0 0.3078125 0.828125 0.0890625 0.15390625
0 0.42421875 0.42578125 0.70078125 0.7703125
0 0.40546875 0.8921875 0.071875 0.08359375
0 0.11328125 0.98046875 0.04296875 0.03125
0 0.040625 0.7375 0.021875 0.090625
0 0.015625 0.63359375 0.02734375 0.0734375
0 0.18515625 0.3625 0.02890625 0.05546875
0 0.2078125 0.3203125 0.02890625 0.04765625
0 0.65078125 0.315625 0.02734375 0.0515625
0 0.828125 0.5265625 0.11015625 0.14765625
0 0.9390625 0.5078125 0.1203125 0.17890625
0 0.965625 0.621875 0.02109375 0.0578125
0 0.98984375 0.64375 0.01484375 0.04921875
0 0.91953125 0.6671875 0.0484375 0.075