0 0.68046875 0.46796875 0.1640625 0.58984375
0 0.38984375 0.53359375 0.0515625 0.19609375
0 0.52421875 0.37734375 0.1734375 0.26640625
0 0.4984375 0.24765625 0.025 0.04609375
0 0.57421875 0.515625 0.0234375 0.07265625
0 0.571875 0.59296875 0.021875 0.03984375
0 0.57734375 0.665625 0.0203125 0.03515625
0 0.53515625 0.53515625 0.0265625 0.0375
0 0.53359375 0.596875 0.0203125 0.03984375
0 0.5359375 0.66640625 0.01875 0.0375
0 0.48671875 0.55859375 0.0453125 0.0875
0 0.4390625 0.56328125 0.04375 0.08984375
0 0.43828125 0.6875 0.0140625 0.05
0 0.48828125 0.69296875 0.0140625 0.04765625
0 0.3328125 0.58125 0.01875 0.06640625
0 0.37578125 0.684375 0.0140625 0.06484375
0 0.34140625 0.734375 0.0203125 0.03515625
0 0.55703125 0.75078125 0.0796875 0.05625
0 0.3328125 0.67578125 0.03125 0.03125