0 0.1828125 0.18359375 0.065625 0.18203125
0 0.415625 0.1625 0.084375 0.15390625
0 0.6421875 0.175 0.06953125 0.1640625
0 0.8328125 0.18203125 0.0421875 0.1
0 0.18046875 0.39453125 0.03828125 0.11796875
0 0.4015625 0.38359375 0.05 0.10390625
0 0.63046875 0.39140625 0.04609375 0.14609375
0 0.8234375 0.39609375 0.05390625 0.1140625
0 0.17890625 0.60390625 0.065625 0.10703125
0 0.4 0.59453125 0.04609375 0.1609375
0 0.63046875 0.59609375 0.04609375 0.14296875
0 0.834375 0.58046875 0.05390625 0.125
0 0.175 0.7875 0.0734375 0.08203125
0 0.3921875 0.7890625 0.06171875 0.1
0 0.62109375 0.79140625 0.0578125 0.08203125
0 0.834375 0.77890625 0.04609375 0.17890625