0 0.6921875 0.828125 0.0890625 0.15390625
0 0.57578125 0.42578125 0.70078125 0.7703125
0 0.59453125 0.8921875 0.071875 0.08359375
0 0.88671875 0.98046875 0.04296875 0.03125
0 0.959375 0.7375 0.021875 0.090625
0 0.984375 0.63359375 0.02734375 0.0734375
0 0.81484375 0.3625 0.02890625 0.05546875
0 0.7921875 0.3203125 0.02890625 0.04765625
0 0.34921875 0.315625 0.02734375 0.0515625
0 0.171875 0.5265625 0.11015625 0.14765625
0 0.0609375 0.5078125 0.1203125 0.17890625
0 0.034375 0.621875 0.02109375 0.0578125
0 0.01015625 0.64375 0.01484375 0.04921875
0 0.08046875 0.6671875 0.0484375 0.075