0 0.20703125 0.1140625 0.14765625 0.225
0 0.46484375 0.13359375 0.13359375 0.2203125
0 0.68046875 0.17265625 0.16015625 0.2328125
0 0.91875 0.234375 0.1625 0.1375
0 0.2125 0.44609375 0.05234375 0.2796875
0 0.1625 0.5484375 0.06875 0.159375
0 0.20390625 0.63984375 0.01640625 0.0265625
0 0.190625 0.73984375 0.025 0.0234375
0 0.46640625 0.45859375 0.15234375 0.3453125
0 0.48046875 0.665625 0.11171875 0.065625
0 0.71640625 0.490625 0.134375 0.434375
0 0.94375 0.5296875 0.1125 0.23125
0 0.9125 0.68203125 0.07734375 0.0609375
0 0.92578125 0.7609375 0.04453125 0.01875
0 0.74140625 0.759375 0.02421875 0.0125
0 0.43828125 0.75234375 0.01328125 0.0140625