0 0.52265625 0.303125 0.06484375 0.0625
0 0.35390625 0.9578125 0.08359375 0.06875
0 0.21015625 0.340625 0.04609375 0.0609375
0 0.1 0.59921875 0.03984375 0.05
0 0.17890625 0.89453125 0.028125 0.02890625
0 0.34375 0.65859375 0.04296875 0.09609375
0 0.596875 0.64296875 0.084375 0.115625
0 0.90859375 0.64453125 0.03125 0.0578125
0 0.665625 0.46484375 0.0515625 0.03984375
0 0.97734375 0.42421875 0.0453125 0.0546875
0 0.1796875 0.94453125 0.02890625 0.025
0 0.24453125 0.92578125 0.034375 0.0265625
0 0.25390625 0.37578125 0.0875 0.05
0 0.57421875 0.303125 0.04765625 0.07109375
0 0.6359375 0.30390625 0.059375 0.0609375
0 0.921875 0.41953125 0.01640625 0.0171875
0 0.28046875 0.87890625 0.015625 0.0421875
0 0.2953125 0.6328125 0.02890625 0.0328125
0 0.36640625 0.54375 0.021875 0.04140625
0 0.36875 0.584375 0.0328125 0.01640625
0 0.38125 0.340625 0.03203125 0.0328125
0 0.4 0.39453125 0.14140625 0.0515625
0 0.51171875 0.359375 0.2078125 0.04296875
0 0.63125 0.42734375 0.090625 0.02421875
0 0.709375 0.421875 0.053125 0.053125
0 0.79140625 0.4453125 0.09921875 0.07734375
0 0.73984375 0.52734375 0.03359375 0.04921875
0 0.6421875 0.3703125 0.02109375 0.0171875
0 0.65 0.34765625 0.01640625 0.01953125
0 0.6796875 0.35546875 0.0265625 0.02265625
0 0.8046875 0.265625 0.01875 0.01953125
0 0.95 0.315625 0.0171875 0.02109375
0 0.890625 0.45703125 0.00859375 0.0234375
0 0.94375 0.69140625 0.065625 0.0265625
0 0.75859375 0.75078125 0.01796875 0.02890625
0 0.78828125 0.6765625 0.05546875 0.02734375
0 0.3390625 0.45625 0.075 0.03828125
0 0.4796875 0.5578125 0.18046875 0.153125
0 0.659375 0.53125 0.0578125 0.04296875
0 0.84765625 0.64296875 0.0375 0.0234375
0 0.18046875 0.7296875 0.09296875 0.14375