0 0.76484375 0.28828125 0.2375 0.396875
0 0.8265625 0.85703125 0.140625 0.16015625
0 0.29375 0.346875 0.5203125 0.353125
0 0.675 0.84140625 0.12890625 0.11015625
0 0.5078125 0.56640625 0.03359375 0.053125
0 0.3640625 0.85703125 0.0578125 0.0796875
0 0.41640625 0.7296875 0.06953125 0.06640625
0 0.4546875 0.90859375 0.03359375 0.03671875
0 0.54765625 0.86640625 0.028125 0.03984375
0 0.2578125 0.86796875 0.08046875 0.05
0 0.11328125 0.8265625 0.0578125 0.06640625
0 0.16171875 0.6984375 0.0171875 0.0296875
0 0.2171875 0.71640625 0.0265625 0.046875
0 0.93359375 0.8984375 0.0390625 0.05
0 0.778125 0.61796875 0.0359375 0.15
0 0.63515625 0.7296875 0.06015625 0.046875
0 0.03203125 0.83984375 0.0375 0.0265625
0 0.4984375 0.88828125 0.03359375 0.03671875
0 0.740625 0.671875 0.0203125 0.03671875
0 0.62109375 0.4515625 0.03203125 0.103125
0 0.8546875 0.65703125 0.0203125 0.053125