0 0.63203125 0.515625 0.14375 0.0703125
0 0.1234375 0.54375 0.22890625 0.146875
0 0.51171875 0.4296875 0.0734375 0.03125
0 0.7109375 0.29296875 0.03828125 0.05078125
0 0.9 0.65234375 0.06484375 0.0390625
0 0.4078125 0.5171875 0.05859375 0.04296875
0 0.30078125 0.55390625 0.10234375 0.071875
0 0.378125 0.91484375 0.08203125 0.0484375
0 0.0453125 0.8625 0.07890625 0.0953125
0 0.37890625 0.98203125 0.0671875 0.0359375
0 0.76953125 0.278125 0.03828125 0.0296875
0 0.72421875 0.68046875 0.0234375 0.021875
0 0.7140625 0.8328125 0.03203125 0.025
0 0.690625 0.85859375 0.03203125 0.025
0 0.61328125 0.87890625 0.0296875 0.0234375
0 0.75234375 0.521875 0.0203125 0.03125