0 0.1671875 0.54609375 0.109375 0.1859375
0 0.09296875 0.81171875 0.06875 0.14765625
0 0.37265625 0.60390625 0.2 0.32265625
0 0.2765625 0.48359375 0.0796875 0.09296875
0 0.2125 0.30078125 0.17109375 0.153125
0 0.59296875 0.43984375 0.15234375 0.18046875
0 0.5875 0.065625 0.1125 0.1203125
0 0.9109375 0.14765625 0.134375 0.284375
0 0.76015625 0.13671875 0.1015625 0.1859375
0 0.82578125 0.80625 0.17421875 0.14765625
0 0.59296875 0.68046875 0.07265625 0.11484375
0 0.72734375 0.3578125 0.0875 0.10390625
0 0.74921875 0.2734375 0.05078125 0.065625
0 0.2234375 0.12578125 0.1125 0.13125
0 0.35625 0.153125 0.1015625 0.065625
0 0.9796875 0.33359375 0.03984375 0.153125
0 0.4875 0.35234375 0.03671875 0.03828125
0 0.3421875 0.371875 0.04375 0.065625
0 0.578125 0.2703125 0.03671875 0.03828125
0 0.55625 0.171875 0.05078125 0.04921875
0 0.71796875 0.51875 0.06875 0.065625
0 0.65078125 0.5953125 0.02890625 0.0328125
0 0.86171875 0.37421875 0.13125 0.09296875
0 0.81796875 0.01328125 0.07265625 0.01640625