0 0.228125 0.5125 0.43984375 0.70625
0 0.434375 0.50234375 0.034375 0.14921875
0 0.52109375 0.4921875 0.03828125 0.14921875
0 0.484375 0.70859375 0.08125 0.16015625
0 0.65859375 0.7265625 0.0734375 0.175
0 0.73359375 0.66015625 0.05390625 0.06171875
0 0.86875 0.59765625 0.13125 0.09296875
0 0.8765625 0.6703125 0.07734375 0.04140625
0 0.9421875 0.68046875 0.03125 0.04140625
0 0.7453125 0.76796875 0.03125 0.11328125
0 0.66015625 0.2703125 0.33203125 0.30390625
0 0.6390625 0.4765625 0.0421875 0.16015625
0 0.7546875 0.5078125 0.02734375 0.10859375