0 0.76015625 0.3453125 0.1984375 0.14375
0 0.93203125 0.4203125 0.1109375 0.146875
0 0.90234375 0.13359375 0.1296875 0.2140625
0 0.353125 0.54765625 0.10703125 0.1109375
0 0.303125 0.79921875 0.184375 0.3296875
0 0.7921875 0.1359375 0.11640625 0.1375
0 0.6546875 0.1453125 0.15859375 0.14375
0 0.4640625 0.16484375 0.12265625 0.1390625
0 0.29765625 0.19609375 0.16875 0.1890625
0 0.10546875 0.24375 0.16875 0.20625
0 0.296875 0.41796875 0.09765625 0.0671875
0 0.61640625 0.3765625 0.065625 0.09375
0 0.6640625 0.71015625 0.4953125 0.5140625
0 0.08359375 0.709375 0.1640625 0.178125
0 0.50234375 0.33359375 0.0375 0.0453125
0 0.53125 0.4125 0.03359375 0.0625
0 0.45546875 0.396875 0.04453125 0.04375
0 0.1546875 0.37578125 0.1703125 0.1234375