0 0.06015625 0.809375 0.11953125 0.08984375
0 0.18515625 0.77265625 0.046875 0.0515625
0 0.0921875 0.7140625 0.13203125 0.0640625
0 0.20546875 0.675 0.1 0.06875
0 0.41640625 0.77265625 0.05859375 0.11640625
0 0.48515625 0.70078125 0.01796875 0.034375
0 0.5234375 0.71796875 0.034375 0.0421875
0 0.6671875 0.75234375 0.06796875 0.046875
0 0.75859375 0.7796875 0.09296875 0.04296875
0 0.8609375 0.7953125 0.10703125 0.1171875
0 0.63046875 0.59765625 0.04296875 0.0515625
0 0.97109375 0.859375 0.040625 0.0453125