0 0.7421875 0.58828125 0.22421875 0.5
0 0.2671875 0.2953125 0.178125 0.16171875
0 0.484375 0.246875 0.13203125 0.059375
0 0.70625 0.1984375 0.171875 0.08671875
0 0.83671875 0.2140625 0.0578125 0.07421875
0 0.984375 0.17421875 0.028125 0.04375
0 0.4 0.36015625 0.115625 0.0625
0 0.5640625 0.40234375 0.13984375 0.09609375
0 0.3890625 0.484375 0.078125 0.11796875
0 0.278125 0.4859375 0.04765625 0.10859375
0 0.44765625 0.56328125 0.15625 0.12734375
0 0.84765625 0.42265625 0.11171875 0.09296875
0 0.9671875 0.475 0.034375 0.10546875
0 0.92265625 0.7546875 0.078125 0.14921875
0 0.59296875 0.66796875 0.0421875 0.09296875