0 0.63984375 0.4140625 0.0796875 0.19296875
0 0.42578125 0.1890625 0.06640625 0.12890625
0 0.2734375 0.15390625 0.06953125 0.09296875
0 0.14375 0.075 0.0875 0.1359375
0 0.3703125 0.0640625 0.11015625 0.1140625
0 0.47578125 0.09609375 0.05390625 0.1
0 0.6640625 0.1140625 0.05625 0.0859375
0 0.75 0.08046875 0.05390625 0.075
0 0.84375 0.0484375 0.06640625 0.08203125
0 0.91015625 0.11953125 0.06640625 0.09609375
0 0.55234375 0.07109375 0.05390625 0.07890625
0 0.98359375 0.0765625 0.028125 0.08203125