0 0.5 0.70390625 0.99375 0.5921875
0 0.690625 0.49375 0.11640625 0.09453125
0 0.7765625 0.7453125 0.0375 0.2453125
0 0.94609375 0.66953125 0.1078125 0.2953125
0 0.94375 0.90234375 0.10703125 0.10703125
0 0.06953125 0.92421875 0.13203125 0.15078125
0 0.709375 0.6984375 0.034375 0.12578125
0 0.62421875 0.7359375 0.046875 0.3015625
0 0.33046875 0.57578125 0.04375 0.16953125
0 0.39140625 0.53125 0.059375 0.09453125
0 0.534375 0.8015625 0.58515625 0.39609375
0 0.06640625 0.63203125 0.12578125 0.39609375