0 0.06171875 0.3890625 0.05234375 0.134375
0 0.915625 0.0484375 0.02421875 0.028125
0 0.86171875 0.165625 0.2234375 0.1625
0 0.80390625 0.34921875 0.36640625 0.2234375
0 0.7 0.53515625 0.1609375 0.165625
0 0.57890625 0.6390625 0.05625 0.08828125
0 0.478125 0.79140625 0.078125 0.146875
0 0.58046875 0.18984375 0.06015625 0.0484375
0 0.3609375 0.521875 0.2953125 0.4859375
0 0.38515625 0.8078125 0.02109375 0.03515625
0 0.34375 0.8578125 0.03671875 0.04140625
0 0.3921875 0.28046875 0.046875 0.05546875
0 0.2109375 0.28828125 0.05546875 0.05390625