0 0.5890625 0.67421875 0.18125 0.1875
0 0.2796875 0.67578125 0.18359375 0.20546875
0 0.7234375 0.47890625 0.103125 0.11953125
0 0.8203125 0.33203125 0.3359375 0.2109375
0 0.384375 0.2953125 0.16796875 0.0546875
0 0.1140625 0.359375 0.228125 0.13046875
0 0.60859375 0.36875 0.0453125 0.06484375
0 0.56640625 0.30078125 0.125 0.04921875
0 0.56328125 0.475 0.084375 0.12734375
0 0.14375 0.63828125 0.0484375 0.0625
0 0.1203125 0.53359375 0.0640625 0.08359375
0 0.28828125 0.41171875 0.0375 0.08828125
0 0.32421875 0.4078125 0.03125 0.03359375
0 0.56640625 0.35390625 0.03125 0.0625