0 0.68046875 0.7015625 0.025 0.153125
0 0.47734375 0.653125 0.1109375 0.1390625
0 0.753125 0.628125 0.0171875 0.0765625
0 0.628125 0.64765625 0.025 0.128125
0 0.81171875 0.53671875 0.0609375 0.05234375
0 0.34296875 0.6703125 0.0875 0.13203125
0 0.80546875 0.63046875 0.025 0.0796875
0 0.240625 0.721875 0.0390625 0.2984375
0 0.2828125 0.5921875 0.01953125 0.0453125
0 0.58984375 0.184375 0.15625 0.215625
0 0.49609375 0.45859375 0.05859375 0.11796875
0 0.6125 0.3453125 0.0296875 0.059375
0 0.4875 0.55234375 0.0640625 0.05546875
1 0.321875 0.1578125 0.34375 0.309375
0 0.71875 0.26875 0.0703125 0.059375
0 0.7578125 0.69765625 0.02734375 0.04140625
1 0.890625 0.5140625 0.21875 0.9375