0 0.13828125 0.56953125 0.0890625 0.24453125
0 0.2078125 0.45625 0.04453125 0.04296875
0 0.228125 0.57421875 0.0515625 0.1875
0 0.19453125 0.71796875 0.0078125 0.046875
0 0.30234375 0.76484375 0.021875 0.02890625
0 0.30078125 0.540625 0.0671875 0.25390625
0 0.44765625 0.471875 0.21875 0.553125
0 0.3484375 0.80625 0.02265625 0.0375
0 0.40859375 0.82734375 0.0609375 0.05390625
0 0.47109375 0.83984375 0.0296875 0.02890625
0 0.5953125 0.3875 0.08984375 0.3140625
0 0.5828125 0.59765625 0.0203125 0.165625
0 0.5921875 0.7453125 0.06796875 0.084375
0 0.59296875 0.8390625 0.021875 0.05
1 0.64453125 0.6171875 0.1203125 0.32890625
1 0.453125 0.446875 0.16640625 0.39296875