1 0.29375 0.24375 0.3640625 0.484375
1 0.74140625 0.18671875 0.5171875 0.3703125
0 0.9359375 0.31484375 0.08828125 0.08203125
0 0.97734375 0.41328125 0.01328125 0.021875
0 0.99140625 0.37265625 0.01484375 0.01796875
0 0.671875 0.1421875 0.08515625 0.1
0 0.7140625 0.03671875 0.1453125 0.0703125
0 0.3890625 0.22890625 0.02421875 0.05390625
0 0.75 0.171875 0.04140625 0.03203125
0 0.753125 0.21328125 0.01328125 0.021875
0 0.6015625 0.040625 0.03984375 0.0703125
0 0.721875 0.078125 0.01484375 0.03203125