0 0.91796875 0.92421875 0.025 0.03515625
0 0.86640625 0.928125 0.03515625 0.03671875
0 0.809375 0.93203125 0.0375 0.0265625
0 0.7328125 0.90703125 0.02109375 0.0296875
0 0.5828125 0.72578125 0.0140625 0.028125
0 0.5078125 0.76015625 0.03203125 0.0234375
0 0.46796875 0.75 0.02421875 0.0203125
0 0.41953125 0.73359375 0.0203125 0.0265625
0 0.428125 0.6828125 0.01484375 0.03203125
0 0.284375 0.70390625 0.03125 0.025
0 0.23203125 0.6703125 0.040625 0.0296875
0 0.13125 0.6359375 0.0234375 0.025
0 0.65078125 0.865625 0.03828125 0.03203125
1 0.80625 0.81328125 0.3859375 0.26328125
1 0.58046875 0.68671875 0.17890625 0.16328125
1 0.359375 0.65234375 0.1921875 0.121875