0 0.05 0.63203125 0.053125 0.0484375
0 0.125 0.628125 0.071875 0.0453125
0 0.23984375 0.61796875 0.1390625 0.05390625
0 0.3359375 0.621875 0.034375 0.034375
0 0.41796875 0.62109375 0.1015625 0.0484375
0 0.52109375 0.60234375 0.0984375 0.07421875
0 0.60859375 0.59921875 0.0578125 0.06796875
0 0.6796875 0.61328125 0.053125 0.05078125
0 0.75703125 0.625 0.0453125 0.028125
0 0.825 0.61796875 0.071875 0.04296875
0 0.8796875 0.6265625 0.009375 0.01953125
0 0.9609375 0.625 0.078125 0.03984375
1 0.49921875 0.3 0.9921875 0.58828125