1 0.446875 0.6109375 0.67421875 0.5140625
1 0.91875 0.2328125 0.16171875 0.28125
0 0.1859375 0.61328125 0.1640625 0.175
0 0.69296875 0.31875 0.265625 0.3046875
0 0.46484375 0.04609375 0.065625 0.0859375
0 0.20234375 0.13359375 0.04765625 0.06015625
0 0.375 0.09609375 0.01796875 0.06015625
0 0.06875 0.73828125 0.0296875 0.08046875
0 0.10703125 0.75859375 0.021875 0.034375
0 0.60234375 0.63828125 0.2640625 0.3390625
0 0.4328125 0.74296875 0.01796875 0.02578125
0 0.82109375 0.428125 0.11796875 0.15546875
0 0.86015625 0.21953125 0.071875 0.140625
0 0.53125 0.04921875 0.034375 0.0515625
0 0.1578125 0.83515625 0.06796875 0.09453125