0 0.6515625 0.54140625 0.65703125 0.190625
0 0.61171875 0.690625 0.16328125 0.11875
0 0.05546875 0.68359375 0.1109375 0.1671875
0 0.41640625 0.69375 0.0796875 0.065625
0 0.53359375 0.934375 0.146875 0.08359375
0 0.36171875 0.94609375 0.05 0.10703125
0 0.36640625 0.76171875 0.0734375 0.11875
0 0.578125 0.7890625 0.05703125 0.05390625
0 0.48828125 0.75625 0.0703125 0.059375
0 0.67890625 0.97578125 0.0234375 0.0484375
0 0.21484375 0.628125 0.05703125 0.05390625
0 0.21328125 0.7234375 0.06640625 0.065625
0 0.178125 0.8125 0.11015625 0.07734375
0 0.03046875 0.865625 0.0609375 0.078125
0 0.10859375 0.91953125 0.0765625 0.1015625
1 0.66484375 0.19609375 0.08984375 0.38125