0 0.721875 0.43125 0.3796875 0.375
1 0.9421875 0.29765625 0.11171875 0.20859375
0 0.18828125 0.53203125 0.0203125 0.090625
0 0.14296875 0.44140625 0.021875 0.05
0 0.11328125 0.46328125 0.01796875 0.0296875
0 0.49921875 0.475 0.05 0.11171875
0 0.4 0.5984375 0.1921875 0.09375
0 0.278125 0.56484375 0.0359375 0.12578125
0 0.24375 0.5 0.015625 0.0671875
0 0.228125 0.596875 0.0359375 0.05546875
0 0.4390625 0.46484375 0.0421875 0.10234375
0 0.36015625 0.528125 0.015625 0.0296875
1 0.05078125 0.50703125 0.08203125 0.1171875