0 0.77734375 0.88203125 0.18203125 0.2359375
0 0.4328125 0.615625 0.04140625 0.078125
0 0.284375 0.60078125 0.1078125 0.32734375
0 0.39375 0.69453125 0.08984375 0.08046875
0 0.5921875 0.61796875 0.03984375 0.0671875
0 0.29921875 0.27578125 0.0328125 0.0484375
0 0.49453125 0.53515625 0.0328125 0.03515625
1 0.584375 0.50078125 0.828125 0.9984375
0 0.36171875 0.35390625 0.0265625 0.0375
0 0.221875 0.21484375 0.06171875 0.0859375
0 0.1171875 0.08203125 0.02421875 0.05078125
0 0.1765625 0.15390625 0.028125 0.0453125
0 0.3703125 0.53359375 0.06171875 0.18203125