1 0.46015625 0.3359375 0.91875 0.66875
0 0.8890625 0.43515625 0.1359375 0.19921875
0 0.75546875 0.50859375 0.1390625 0.16484375
0 0.4703125 0.59296875 0.0453125 0.103125
0 0.56171875 0.5046875 0.05703125 0.05546875
0 0.5265625 0.75234375 0.025 0.05703125
0 0.54921875 0.6609375 0.01484375 0.02109375
0 0.56484375 0.709375 0.0390625 0.02109375
0 0.36171875 0.80703125 0.07265625 0.04375
0 0.240625 0.61640625 0.0359375 0.05390625
0 0.221875 0.775 0.125 0.15625
0 0.48828125 0.83984375 0.03828125 0.0296875
0 0.56875 0.84765625 0.046875 0.01640625
0 0.68046875 0.89375 0.02734375 0.0296875
0 0.7203125 0.890625 0.03203125 0.02109375
1 0.9171875 0.67265625 0.09296875 0.23515625
1 0.73828125 0.81796875 0.08828125 0.09765625
1 0.95546875 0.41640625 0.0390625 0.04375
0 0.51484375 0.57421875 0.01328125 0.065625
1 0.13671875 0.828125 0.02265625 0.04609375
1 0.07734375 0.80546875 0.05703125 0.1046875