0 0.85625 0.4515625 0.04921875 0.11796875
0 0.2078125 0.47890625 0.13203125 0.1578125
0 0.5328125 0.39140625 0.06796875 0.06875
0 0.02578125 0.5328125 0.05078125 0.10390625
1 0.53515625 0.24375 0.9265625 0.48359375
1 0.38515625 0.5328125 0.12734375 0.14921875
0 0.321875 0.59375 0.0578125 0.0703125
0 0.63828125 0.50390625 0.04140625 0.0953125
0 0.80859375 0.428125 0.03671875 0.13515625
0 0.56953125 0.5484375 0.02578125 0.05625
0 0.53203125 0.60546875 0.046875 0.0328125
0 0.65546875 0.6171875 0.02578125 0.02265625