1 0.39609375 0.45703125 0.11328125 0.16328125
0 0.47578125 0.109375 0.0125 0.021875
0 0.48359375 0.16875 0.01640625 0.0484375
0 0.55234375 0.06484375 0.04609375 0.03359375
0 0.5171875 0.28984375 0.015625 0.1390625
0 0.53203125 0.428125 0.03125 0.03359375
0 0.56015625 0.36953125 0.01015625 0.03515625
0 0.56171875 0.18515625 0.01640625 0.02578125
0 0.54453125 0.3203125 0.0125 0.0296875
0 0.56953125 0.33203125 0.01640625 0.01640625
0 0.54140625 0.38046875 0.00703125 0.0203125
0 0.5609375 0.253125 0.015625 0.0203125
0 0.55859375 0.128125 0.02734375 0.03671875