0 0.9390625 0.890625 0.121875 0.14140625
1 0.58515625 0.2015625 0.14609375 0.3703125
0 0.74609375 0.47109375 0.084375 0.109375
0 0.478125 0.34453125 0.05234375 0.0515625
0 0.578125 0.5125 0.06015625 0.06015625
0 0.621875 0.42890625 0.0796875 0.13359375
0 0.71328125 0.57734375 0.07421875 0.04375
0 0.8109375 0.72578125 0.078125 0.06796875
0 0.8 0.82578125 0.09609375 0.0546875
0 0.9359375 0.62265625 0.128125 0.13359375
0 0.97578125 0.73046875 0.04765625 0.08203125
1 0.853125 0.38125 0.29375 0.29453125
0 0.703125 0.6359375 0.06171875 0.0515625