0 0.815625 0.5984375 0.09140625 0.1328125
0 0.88515625 0.2140625 0.2296875 0.2828125
0 0.3515625 0.853125 0.17109375 0.29375
0 0.51953125 0.82890625 0.0734375 0.04609375
0 0.18671875 0.31875 0.36953125 0.32578125
1 0.6859375 0.1953125 0.259375 0.3109375
1 0.50078125 0.36796875 0.37890625 0.21484375
0 0.61953125 0.784375 0.06484375 0.11875
0 0.165625 0.8546875 0.05 0.08515625
0 0.1765625 0.92734375 0.0125 0.01875
0 0.1390625 0.6515625 0.01796875 0.0234375
0 0.19453125 0.60390625 0.009375 0.0328125