0 0.50703125 0.5015625 0.41328125 0.4140625
0 0.8125 0.7375 0.02578125 0.04609375
0 0.753125 0.7140625 0.04609375 0.0625
0 0.78828125 0.88125 0.0203125 0.19140625
0 0.740625 0.8359375 0.04375 0.12890625
0 0.671875 0.84453125 0.02578125 0.17421875
0 0.6265625 0.834375 0.021875 0.17109375
0 0.49375 0.796875 0.0625 0.2515625
0 0.378125 0.84140625 0.10859375 0.2484375
0 0.4671875 0.95546875 0.0421875 0.03125
0 0.26015625 0.8140625 0.0390625 0.17109375
0 0.2078125 0.4375 0.05234375 0.12578125
1 0.14765625 0.5375 0.20703125 0.62265625
0 0.26015625 0.54296875 0.0359375 0.03984375
0 0.49921875 0.23984375 0.20859375 0.29140625
1 0.5203125 0.3359375 0.521875 0.66015625