0 0.86328125 0.1828125 0.07421875 0.35546875
0 0.97734375 0.23359375 0.040625 0.3453125
0 0.634375 0.11953125 0.0390625 0.15703125
0 0.6984375 0.1671875 0.06875 0.05078125
0 0.67265625 0.23125 0.0328125 0.0453125
0 0.4984375 0.2359375 0.06640625 0.25859375
0 0.60859375 0.44921875 0.134375 0.228125
0 0.71484375 0.51796875 0.04296875 0.08125
0 0.9796875 0.65 0.0328125 0.05078125
0 0.8296875 0.90859375 0.02734375 0.121875
0 0.6203125 0.8734375 0.31875 0.1828125
0 0.51953125 0.53046875 0.0390625 0.07578125
0 0.39140625 0.3375 0.084375 0.5734375
0 0.28046875 0.203125 0.1078125 0.39609375
0 0.1203125 0.471875 0.2359375 0.934375
1 0.13125 0.65234375 0.15625 0.50234375
0 0.9734375 0.9109375 0.040625 0.07578125