1 0.57734375 0.14296875 0.31953125 0.2796875
1 0.87578125 0.14140625 0.08046875 0.1859375
1 0.0921875 0.25390625 0.11328125 0.17734375
0 0.80625 0.31171875 0.06484375 0.22890625
0 0.14453125 0.61875 0.146875 0.56875
0 0.0375 0.6609375 0.075 0.146875
0 0.32734375 0.5625 0.6515625 0.8171875
0 0.69765625 0.85 0.06328125 0.22578125
0 0.7890625 0.89296875 0.02890625 0.13984375
0 0.8828125 0.88125 0.03046875 0.065625
0 0.96328125 0.5140625 0.02578125 0.05703125
0 0.75625 0.2703125 0.02265625 0.11171875