0 0.11484375 0.54765625 0.08359375 0.04765625
0 0.3453125 0.5265625 0.0703125 0.04140625
0 0.43203125 0.55078125 0.06328125 0.04140625
0 0.73515625 0.63984375 0.096875 0.07734375
0 0.878125 0.6609375 0.06328125 0.13125
0 0.7203125 0.38984375 0.21328125 0.38671875
0 0.56484375 0.375 0.05 0.10703125
0 0.31328125 0.375 0.0796875 0.059375
0 0.071875 0.16953125 0.0703125 0.0890625
0 0.06171875 0.3125 0.11640625 0.05390625
1 0.24140625 0.1546875 0.13671875 0.29765625
1 0.828125 0.18125 0.34296875 0.3515625
1 0.96484375 0.60703125 0.0703125 0.13125