0 0.3484375 0.1875 0.27421875 0.18984375
0 0.14765625 0.55859375 0.0546875 0.04921875
0 0.1484375 0.6453125 0.05234375 0.05390625
0 0.265625 0.56015625 0.05078125 0.05078125
0 0.26640625 0.64921875 0.05234375 0.0515625
0 0.3828125 0.56171875 0.05234375 0.05390625
0 0.38125 0.64765625 0.04921875 0.04921875
0 0.1453125 0.90234375 0.04765625 0.040625
0 0.6234375 0.56015625 0.05078125 0.05
0 0.73515625 0.56015625 0.05234375 0.0515625
0 0.509375 0.6375 0.04765625 0.05078125
0 0.5109375 0.72890625 0.06171875 0.0578125
0 0.62265625 0.64296875 0.05234375 0.04453125
0 0.73515625 0.64296875 0.06328125 0.05703125
0 0.2765625 0.41171875 0.38515625 0.19296875
0 0.6703125 0.4640625 0.278125 0.03046875
1 0.4703125 0.2265625 0.92578125 0.45078125