0 0.0640625 0.36640625 0.09765625 0.065625
0 0.465625 0.36484375 0.1 0.0484375
0 0.725 0.89375 0.28125 0.21171875
0 0.71015625 0.6703125 0.1109375 0.1109375
0 0.046875 0.8765625 0.05078125 0.08671875
0 0.053125 0.71015625 0.1015625 0.09375
0 0.4890625 0.6546875 0.06875 0.128125
0 0.8609375 0.56796875 0.08984375 0.0796875
0 0.1640625 0.36796875 0.07421875 0.04140625
1 0.50078125 0.44453125 0.9984375 0.54140625
0 0.80859375 0.66484375 0.05078125 0.065625
1 0.284375 0.68203125 0.3265625 0.2328125
0 0.5796875 0.63203125 0.015625 0.034375
0 0.33984375 0.66328125 0.01953125 0.0484375