0 0.6296875 0.828125 0.2921875 0.13671875
0 0.44609375 0.50703125 0.1 0.06015625
0 0.32734375 0.85859375 0.11796875 0.14296875
0 0.61796875 0.56171875 0.2203125 0.13671875
0 0.81015625 0.63984375 0.07578125 0.0734375
0 0.8203125 0.7453125 0.06796875 0.1234375
0 0.228125 0.91171875 0.06015625 0.06328125
0 0.18828125 0.975 0.04375 0.05
0 0.68125 0.3796875 0.121875 0.0265625
0 0.80078125 0.36015625 0.10234375 0.03984375
1 0.421875 0.18515625 0.8359375 0.35703125
1 0.11328125 0.7953125 0.1859375 0.31640625