0 0.2203125 0.8109375 0.15234375 0.27421875
0 0.1046875 0.6375 0.05625 0.15625
0 0.03046875 0.58515625 0.0609375 0.1421875
0 0.5703125 0.71328125 0.15625 0.38515625
0 0.815625 0.7203125 0.303125 0.371875
0 0.55078125 0.2625 0.16796875 0.378125
1 0.07734375 0.1734375 0.1546875 0.340625
0 0.03515625 0.91484375 0.06640625 0.0796875
0 0.19453125 0.6078125 0.0640625 0.090625
1 0.734375 0.27265625 0.1953125 0.46875
0 0.39375 0.83671875 0.146875 0.18046875
0 0.3984375 0.61640625 0.1328125 0.16328125
0 0.0203125 0.784375 0.040625 0.06953125
0 0.10625 0.88203125 0.0640625 0.125
0 0.39375 0.38515625 0.1421875 0.19453125
0 0.22734375 0.28828125 0.1546875 0.3890625
0 0.071875 0.35078125 0.140625 0.3125
1 0.3328125 0.1421875 0.4 0.27109375
1 0.90546875 0.14921875 0.1859375 0.284375