0 0.24765625 0.715625 0.04765625 0.05390625
0 0.18671875 0.7375 0.0203125 0.03984375
0 0.2078125 0.8875 0.021875 0.19140625
0 0.26015625 0.83984375 0.0390625 0.1203125
0 0.3296875 0.84609375 0.021875 0.165625
0 0.37265625 0.83984375 0.0203125 0.165625
0 0.50546875 0.79296875 0.0578125 0.24296875
0 0.6203125 0.79140625 0.10859375 0.3484375
0 0.50234375 0.246875 0.215625 0.29453125
0 0.73671875 0.81875 0.0359375 0.19140625
0 0.534375 0.95859375 0.0421875 0.03125
0 0.55234375 0.63125 0.05078125 0.04609375
0 0.340625 0.51875 0.1015625 0.265625
0 0.49921875 0.4875 0.178125 0.11171875
0 0.640625 0.50546875 0.10546875 0.20546875
0 0.8015625 0.44140625 0.03359375 0.11171875
1 0.8578125 0.5640625 0.203125 0.62578125
1 0.478125 0.32109375 0.52578125 0.6375