0 0.4625 0.56484375 0.1734375 0.13359375
0 0.14453125 0.56875 0.1421875 0.08671875
0 0.15078125 0.72578125 0.1203125 0.09375
0 0.7953125 0.55546875 0.146875 0.10703125
0 0.85078125 0.70703125 0.2578125 0.096875
0 0.36875 0.92109375 0.03984375 0.05703125
0 0.41875 0.9078125 0.046875 0.0703125
0 0.0359375 0.69765625 0.06640625 0.0765625
0 0.92890625 0.4 0.0625 0.0703125
0 0.56640625 0.06875 0.0359375 0.08359375
0 0.6296875 0.553125 0.14921875 0.1234375
0 0.15234375 0.8859375 0.1 0.1
0 0.65078125 0.91640625 0.09296875 0.06015625
0 0.93125 0.590625 0.07578125 0.06328125
0 0.1765625 0.428125 0.08203125 0.053125
0 0.334375 0.89453125 0.0203125 0.06328125
0 0.25078125 0.56171875 0.03984375 0.0734375
0 0.5765625 0.4234375 0.046875 0.05703125
0 0.6859375 0.41484375 0.0421875 0.03984375
0 0.44765625 0.44453125 0.03359375 0.03359375
0 0.5 0.24609375 0.021875 0.04375
0 0.746875 0.190625 0.04921875 0.046875
0 0.9734375 0.17734375 0.053125 0.03984375
0 0.82578125 0.4078125 0.02890625 0.03984375
0 0.06640625 0.89296875 0.03125 0.03359375
0 0.0234375 0.58515625 0.0421875 0.03984375
0 0.7765625 0.88984375 0.02421875 0.0734375
0 0.84453125 0.925 0.03125 0.05703125
1 0.934375 0.86796875 0.046875 0.05
0 0.1359375 0.2109375 0.01796875 0.0265625
0 0.3296875 0.58515625 0.08203125 0.1