0 0.3046875 0.33515625 0.1796875 0.3140625
0 0.5796875 0.41796875 0.2078125 0.3859375
0 0.6453125 0.915625 0.0265625 0.0234375
0 0.43203125 0.75703125 0.0421875 0.096875
0 0.28984375 0.74921875 0.09140625 0.12109375
0 0.16015625 0.70546875 0.071875 0.03671875
0 0.77109375 0.55703125 0.07109375 0.09921875
1 0.734375 0.41640625 0.209375 0.1890625
0 0.5609375 0.77265625 0.05 0.0875
0 0.64375 0.65078125 0.07109375 0.015625
0 0.5390625 0.653125 0.01875 0.0328125
0 0.4671875 0.65234375 0.04609375 0.0390625
0 0.18515625 0.7609375 0.02265625 0.0609375
0 0.14921875 0.7609375 0.0453125 0.0734375
0 0.175 0.571875 0.0734375 0.0390625
0 0.078125 0.640625 0.021875 0.02890625