0 0.290625 0.27890625 0.18515625 0.11328125
0 0.8859375 0.46875 0.12578125 0.15390625
0 0.78203125 0.4953125 0.02578125 0.16875
0 0.80546875 0.8734375 0.26484375 0.075
0 0.5578125 0.94453125 0.04453125 0.0234375
0 0.2640625 0.459375 0.0546875 0.08671875
0 0.3953125 0.44375 0.06171875 0.07578125
0 0.28046875 0.9421875 0.02421875 0.03203125
0 0.21953125 0.94375 0.03828125 0.05546875
0 0.4171875 0.93046875 0.04609375 0.028125
0 0.115625 0.90546875 0.0265625 0.03046875
0 0.6140625 0.9125 0.05703125 0.06015625
0 0.628125 0.7203125 0.03671875 0.06875
1 0.49296875 0.2984375 0.98203125 0.5890625