0 0.56796875 0.28515625 0.40078125 0.30703125
1 0.6578125 0.2453125 0.61953125 0.48671875
1 0.27265625 0.31328125 0.11796875 0.0703125
0 0.72578125 0.7046875 0.11640625 0.02421875
0 0.28203125 0.39296875 0.1625 0.11484375
0 0.25859375 0.51171875 0.02578125 0.01640625
1 0.3171875 0.6140625 0.140625 0.23125
1 0.15546875 0.584375 0.03671875 0.18671875
1 0.0859375 0.6703125 0.040625 0.10703125
0 0.78125 0.51875 0.01484375 0.09609375
0 0.41953125 0.5515625 0.06015625 0.15546875
0 0.51484375 0.57421875 0.109375 0.20390625
0 0.690625 0.5796875 0.21875 0.178125
0 0.39921875 0.67109375 0.01875 0.02421875
1 0.55859375 0.7 0.053125 0.05546875