0 0.0609375 0.3890625 0.05078125 0.1328125
0 0.3671875 0.52578125 0.26953125 0.45859375
0 0.21015625 0.290625 0.040625 0.0546875
0 0.846875 0.15078125 0.06875 0.05234375
0 0.78203125 0.33828125 0.321875 0.19765625
0 0.58984375 0.18203125 0.03125 0.05234375
0 0.6921875 0.56484375 0.275 0.24453125
0 0.4875 0.7890625 0.05625 0.13515625
0 0.9453125 0.12109375 0.0625 0.0390625
0 0.9203125 0.20859375 0.0546875 0.03671875
0 0.3453125 0.85703125 0.0234375 0.03125
0 0.38984375 0.2828125 0.0484375 0.04921875
1 0.68046875 0.1484375 0.303125 0.29140625