0 0.50078125 0.20390625 0.9984375 0.38984375
0 0.50078125 0.78125 0.9984375 0.38984375
1 0.3015625 0.8453125 0.2125 0.265625
1 0.0453125 0.78046875 0.0875 0.11015625
1 0.71171875 0.74140625 0.13359375 0.0953125
1 0.89609375 0.79453125 0.06640625 0.08828125
1 0.025 0.09765625 0.04609375 0.09375
1 0.21171875 0.16796875 0.14609375 0.14140625
1 0.39296875 0.06953125 0.15234375 0.13515625
1 0.575 0.06484375 0.13046875 0.1265625
1 0.70078125 0.26640625 0.1859375 0.1375
1 0.94140625 0.15234375 0.1171875 0.18671875