1 0.5015625 0.3375 0.965625 0.646875
0 0.3484375 0.35390625 0.034375 0.075
0 0.60859375 0.36640625 0.0453125 0.09453125
0 0.384375 0.49453125 0.03125 0.04453125
0 0.7984375 0.5265625 0.021875 0.06953125
0 0.43359375 0.5625 0.0421875 0.05859375
0 0.95625 0.56640625 0.084375 0.25546875
0 0.31875 0.57109375 0.090625 0.05859375
0 0.0765625 0.5875 0.15 0.5359375
0 0.4859375 0.621875 0.06875 0.15546875
0 0.77421875 0.64453125 0.0609375 0.09453125
0 0.38984375 0.6875 0.0203125 0.04140625
0 0.453125 0.71796875 0.05 0.0859375
0 0.56484375 0.71953125 0.0328125 0.0890625
0 0.60859375 0.71953125 0.0328125 0.05546875