0 0.54375 0.6078125 0.03984375 0.05859375
1 0.50078125 0.3296875 0.99765625 0.653125
0 0.015625 0.6796875 0.02421875 0.04296875
0 0.47734375 0.62109375 0.03828125 0.04765625
0 0.40625 0.6296875 0.03984375 0.04765625
0 0.34765625 0.63203125 0.03203125 0.04765625
0 0.29296875 0.64765625 0.02578125 0.04296875
0 0.25 0.653125 0.028125 0.0375
0 0.20078125 0.66640625 0.021875 0.0265625
0 0.04765625 0.684375 0.02421875 0.0453125
0 0.08828125 0.6796875 0.0203125 0.053125
0 0.1203125 0.671875 0.02421875 0.04296875