1 0.3125 0.49609375 0.609375 0.97421875
0 0.26015625 0.890625 0.0453125 0.02578125
0 0.34140625 0.92578125 0.0609375 0.05703125
0 0.2953125 0.8875 0.015625 0.02578125
0 0.3546875 0.85625 0.015625 0.01953125
0 0.61484375 0.32109375 0.0234375 0.034375
0 0.5671875 0.4078125 0.028125 0.01953125
0 0.5734375 0.44921875 0.021875 0.03984375
0 0.41484375 0.83515625 0.0328125 0.05078125
0 0.421875 0.78828125 0.046875 0.059375
0 0.4203125 0.73125 0.028125 0.0484375
0 0.46328125 0.55859375 0.0203125 0.03125