0 0.8046875 0.93671875 0.178125 0.1265625
0 0.065625 0.8375 0.06875 0.08671875
0 0.16328125 0.84140625 0.05546875 0.0578125
0 0.21875 0.8828125 0.0203125 0.025
0 0.578125 0.8484375 0.3375 0.071875
0 0.68125 0.93359375 0.03359375 0.0328125
1 0.54296875 0.25625 0.91328125 0.50546875
0 0.528125 0.60625 0.015625 0.021875
0 0.57421875 0.603125 0.02890625 0.02890625
0 0.66796875 0.59765625 0.0203125 0.01796875
0 0.72109375 0.60078125 0.015625 0.01796875
0 0.328125 0.603125 0.02890625 0.02890625
0 0.3625 0.58671875 0.01796875 0.06171875
0 0.45546875 0.59765625 0.01796875 0.06875
0 0.4265625 0.22734375 0.0796875 0.14453125
0 0.67109375 0.35 0.03125 0.04296875
1 0.09453125 0.6140625 0.184375 0.2890625
0 0.33671875 0.85703125 0.0421875 0.046875