0 0.67890625 0.925 0.025 0.14921875
0 0.74921875 0.88203125 0.0296875 0.1390625
0 0.621875 0.8734375 0.025 0.128125
0 0.65 0.4875 0.16796875 0.11484375
1 0.88671875 0.67890625 0.21875 0.628125
0 0.415625 0.31796875 0.25390625 0.53125
0 0.4953125 0.88203125 0.06875 0.14609375
0 0.60546875 0.57109375 0.01953125 0.05234375
0 0.22734375 0.8921875 0.0453125 0.215625
0 0.27421875 0.80390625 0.025 0.09375
0 0.3328125 0.890625 0.0875 0.1421875
0 0.434375 0.8421875 0.040625 0.03125
0 0.4796875 0.77265625 0.0484375 0.03125
1 0.5140625 0.18203125 0.19140625 0.35078125
1 0.06953125 0.07109375 0.134375 0.13515625