0 0.81640625 0.49453125 0.3640625 0.3140625
0 0.19921875 0.5296875 0.1359375 0.2546875
0 0.31875 0.81796875 0.0390625 0.05625
1 0.78125 0.1390625 0.15546875 0.2734375
0 0.15234375 0.71015625 0.03046875 0.04453125
0 0.37890625 0.9125 0.01796875 0.025
0 0.35 0.94765625 0.02265625 0.01953125
0 0.25859375 0.90859375 0.021875 0.0171875
0 0.525 0.3890625 0.09296875 0.04609375
0 0.41953125 0.4125 0.0953125 0.03046875
0 0.40546875 0.58515625 0.028125 0.12890625
0 0.54921875 0.53046875 0.05234375 0.23671875
0 0.35 0.6984375 0.0609375 0.0671875
0 0.3609375 0.81328125 0.01796875 0.07734375
0 0.48359375 0.48828125 0.0328125 0.040625
0 0.484375 0.63203125 0.0203125 0.0234375
0 0.625 0.625 0.02265625 0.0328125
0 0.35078125 0.87109375 0.03046875 0.0234375
0 0.30078125 0.42265625 0.0390625 0.02109375
0 0.31875 0.534375 0.02890625 0.025
0 0.3734375 0.62421875 0.0140625 0.03046875
0 0.328125 0.59375 0.028125 0.0234375
0 0.30625 0.65703125 0.0125 0.1
0 0.409375 0.490625 0.02578125 0.04453125
1 0.41796875 0.35546875 0.28359375 0.1140625