0 0.359375 0.17578125 0.27421875 0.20546875
0 0.259375 0.44140625 0.41640625 0.128125
0 0.1515625 0.55703125 0.034375 0.03984375
0 0.1515625 0.64375 0.03125 0.046875
0 0.26796875 0.56015625 0.034375 0.04375
0 0.26875 0.646875 0.0328125 0.04921875
0 0.38515625 0.56328125 0.03984375 0.040625
0 0.3796875 0.64765625 0.03671875 0.04765625
0 0.515625 0.63828125 0.0453125 0.04375
0 0.51171875 0.72890625 0.05625 0.0515625
0 0.6265625 0.5578125 0.04921875 0.04765625
0 0.62421875 0.640625 0.04921875 0.05
0 0.73125 0.6421875 0.04765625 0.046875
0 0.73359375 0.55703125 0.0453125 0.04140625
0 0.1484375 0.9 0.0453125 0.04609375
1 0.47578125 0.23359375 0.94765625 0.465625
0 0.39375 0.8109375 0.03828125 0.01328125
0 0.2390625 0.3625 0.06328125 0.02109375
0 0.74296875 0.46328125 0.11484375 0.0359375
0 0.5734375 0.471875 0.0890625 0.0171875
1 0.07890625 0.4125 0.1546875 0.12734375
0 0.50078125 0.56484375 0.0234375 0.034375