0 0.88046875 0.29140625 0.23203125 0.571875
0 0.065625 0.65703125 0.1234375 0.30390625
0 0.56171875 0.80390625 0.0421875 0.06171875
0 0.5234375 0.31171875 0.18125 0.30390625
0 0.37421875 0.4046875 0.05390625 0.09765625
0 0.3765625 0.528125 0.0578125 0.10859375
0 0.45390625 0.615625 0.05 0.04609375
0 0.596875 0.52578125 0.05 0.1234375
0 0.69921875 0.396875 0.1234375 0.103125
0 0.68359375 0.528125 0.08515625 0.11875
0 0.196875 0.4484375 0.1078125 0.66015625
0 0.1 0.40234375 0.04609375 0.175
0 0.40546875 0.09765625 0.30859375 0.175
1 0.80078125 0.6984375 0.39765625 0.35546875
1 0.7390625 0.134375 0.52109375 0.2578125