0 0.7109375 0.32578125 0.134375 0.121875
0 0.66171875 0.60078125 0.03984375 0.1078125
0 0.72109375 0.496875 0.0578125 0.06640625
0 0.62421875 0.52109375 0.04765625 0.140625
0 0.53515625 0.5140625 0.065625 0.1875
0 0.39921875 0.5125 0.18984375 0.26796875
1 0.57734375 0.2171875 0.8421875 0.428125
0 0.753125 0.5828125 0.03828125 0.09921875
0 0.71328125 0.63515625 0.02578125 0.0609375
0 0.25625 0.53984375 0.05625 0.11875
0 0.153125 0.5234375 0.0296875 0.11875
0 0.19765625 0.58125 0.03984375 0.096875
0 0.73828125 0.8234375 0.1203125 0.05
0 0.6359375 0.8484375 0.0796875 0.02734375
0 0.625 0.7953125 0.06171875 0.01640625
0 0.29609375 0.7734375 0.10390625 0.04453125