0 0.36796875 0.62890625 0.10859375 0.06953125
0 0.5296875 0.546875 0.03359375 0.13515625
0 0.6140625 0.68671875 0.0421875 0.053125
1 0.69296875 0.4671875 0.284375 0.2953125
0 0.34765625 0.26015625 0.046875 0.0859375
0 0.47578125 0.3875 0.04921875 0.06171875
0 0.178125 0.06328125 0.03984375 0.06953125
0 0.2359375 0.12265625 0.021875 0.05703125
0 0.68125 0.7234375 0.0203125 0.0203125
0 0.4734375 0.6171875 0.04453125 0.02890625
0 0.2859375 0.184375 0.05546875 0.065625
1 0.328125 0.11484375 0.16640625 0.08203125