0 0.15234375 0.6296875 0.1015625 0.23515625
0 0.98515625 0.15859375 0.0234375 0.03515625
0 0.9796875 0.80859375 0.03359375 0.06484375
0 0.40546875 0.75625 0.04765625 0.06484375
0 0.53359375 0.75859375 0.05390625 0.09375
0 0.4375 0.60859375 0.15234375 0.1234375
0 0.53203125 0.3234375 0.0375 0.08203125
0 0.3953125 0.4203125 0.02734375 0.08828125
0 0.8703125 0.55 0.0234375 0.06484375
0 0.7890625 0.65 0.0234375 0.04140625
0 0.42890625 0.3265625 0.01328125 0.0296875
0 0.2265625 0.66796875 0.0203125 0.0296875
0 0.28203125 0.46796875 0.0375 0.053125
0 0.88984375 0.65625 0.0375 0.0765625
1 0.41015625 0.3203125 0.26015625 0.4765625
0 0.55390625 0.603125 0.05390625 0.11171875