0 0.36328125 0.5125 0.0390625 0.065625
0 0.53359375 0.54140625 0.0234375 0.04296875
0 0.53828125 0.6734375 0.0265625 0.034375
0 0.83671875 0.653125 0.0671875 0.07421875
0 0.56953125 0.83828125 0.0328125 0.0625
0 0.71484375 0.59765625 0.0265625 0.0484375
1 0.68359375 0.890625 0.1828125 0.21875
1 0.84140625 0.625 0.1765625 0.221875
0 0.490625 0.69609375 0.046875 0.07421875
0 0.45234375 0.7625 0.0234375 0.03671875
1 0.66328125 0.60546875 0.1421875 0.25546875
0 0.5046875 0.3421875 0.025 0.03125
0 0.4578125 0.6109375 0.028125 0.034375
0 0.5109375 0.47578125 0.015625 0.03671875
1 0.5078125 0.41640625 0.2375 0.33828125
0 0.5265625 0.91640625 0.015625 0.02578125
0 0.53984375 0.89765625 0.0140625 0.028125
0 0.58125 0.93359375 0.01875 0.03125