1 0.17109375 0.553125 0.29140625 0.24140625
1 0.821875 0.69765625 0.35390625 0.6046875
0 0.0578125 0.69140625 0.0421875 0.021875
0 0.171875 0.69140625 0.02578125 0.025
0 0.26484375 0.68671875 0.0359375 0.03984375
0 0.43515625 0.68046875 0.03046875 0.03671875
0 0.5671875 0.6875 0.015625 0.0265625
0 0.82578125 0.67734375 0.0203125 0.0359375
0 0.91953125 0.6796875 0.04296875 0.0296875
0 0.10625 0.69296875 0.0328125 0.0234375
0 0.64609375 0.68671875 0.0265625 0.03125
0 0.6953125 0.68203125 0.02734375 0.028125
0 0.74140625 0.68125 0.021875 0.0296875
0 0.67109375 0.68828125 0.01484375 0.01953125
0 0.39609375 0.6875 0.0140625 0.01484375