0 0.228125 0.1359375 0.1984375 0.24296875
0 0.23125 0.6546875 0.0515625 0.1671875
0 0.38984375 0.58984375 0.07890625 0.13203125
0 0.6171875 0.38125 0.4765625 0.2734375
0 0.975 0.44296875 0.05 0.15390625
1 0.40703125 0.10703125 0.1578125 0.2109375
0 0.0296875 0.02265625 0.04375 0.0421875
0 0.26875 0.540625 0.05 0.10546875
0 0.10546875 0.34296875 0.0234375 0.021875
0 0.046875 0.39921875 0.015625 0.028125
0 0.009375 0.35703125 0.01640625 0.01484375
0 0.11015625 0.3921875 0.01953125 0.0265625
0 0.384375 0.19453125 0.03203125 0.03203125