0 0.37578125 0.67578125 0.03125 0.1109375
0 0.71015625 0.55078125 0.0375 0.06875
0 0.6234375 0.51796875 0.04453125 0.07578125
0 0.57734375 0.48671875 0.02421875 0.0515625
0 0.5109375 0.421875 0.01328125 0.059375
0 0.07109375 0.71875 0.02734375 0.040625
0 0.34375 0.9046875 0.02734375 0.05390625
0 0.7421875 0.225 0.021875 0.04296875
1 0.253125 0.50078125 0.41015625 0.9984375
1 0.6390625 0.2515625 0.24453125 0.5
0 0.65078125 0.45546875 0.02265625 0.02578125
0 0.23828125 0.9765625 0.01484375 0.028125