0 0.2796875 0.24765625 0.12265625 0.096875
0 0.778125 0.84296875 0.14921875 0.0546875
0 0.61484375 0.88125 0.08203125 0.07109375
0 0.41171875 0.409375 0.05234375 0.0984375
0 0.28515625 0.425 0.05390625 0.109375
0 0.23984375 0.91328125 0.0390625 0.046875
0 0.80234375 0.446875 0.03828125 0.16328125
0 0.90234375 0.42109375 0.12890625 0.159375
0 0.90859375 0.81875 0.09921875 0.04609375
1 0.4984375 0.2765625 0.9953125 0.54296875
0 0.44453125 0.903125 0.0734375 0.04921875
0 0.64921875 0.67421875 0.0375 0.0640625
1 0.03046875 0.696875 0.05546875 0.3