0 0.8796875 0.496875 0.240625 0.378125
0 0.12265625 0.746875 0.2421875 0.171875
1 0.4375 0.31953125 0.865625 0.628125
0 0.28828125 0.76796875 0.0828125 0.025
0 0.2375 0.46640625 0.021875 0.09453125
0 0.67421875 0.7109375 0.0234375 0.028125
0 0.7296875 0.471875 0.059375 0.10546875
0 0.73359375 0.5609375 0.0203125 0.0390625
0 0.74609375 0.61640625 0.0171875 0.04453125
0 0.7359375 0.6875 0.05 0.04140625
0 0.653125 0.41796875 0.025 0.0640625
0 0.61953125 0.44296875 0.0171875 0.046875
0 0.6640625 0.57890625 0.025 0.075