0 0.6328125 0.54921875 0.19765625 0.14375
0 0.36171875 0.6109375 0.22421875 0.19765625
0 0.12421875 0.47734375 0.24765625 0.3359375
0 0.41875 0.2625 0.17421875 0.14140625
0 0.91875 0.28125 0.0703125 0.1625
0 0.73515625 0.32109375 0.18203125 0.19453125
1 0.89296875 0.18828125 0.19375 0.3546875
0 0.6046875 0.4109375 0.121875 0.05859375
0 0.4703125 0.48671875 0.04765625 0.0453125
0 0.4671875 0.43359375 0.02578125 0.034375
0 0.38828125 0.415625 0.04375 0.05859375
0 0.98828125 0.3625 0.0203125 0.05859375
1 0.41015625 0.16640625 0.24375 0.25859375
1 0.21171875 0.5359375 0.215625 0.17578125
0 0.80390625 0.475 0.071875 0.03203125
0 0.43125 0.44765625 0.01796875 0.0265625