0 0.59765625 0.21640625 0.0265625 0.0359375
0 0.8953125 0.55859375 0.1875 0.159375
0 0.67265625 0.5703125 0.21953125 0.0796875
0 0.7375 0.7578125 0.07265625 0.065625
0 0.66953125 0.81640625 0.0421875 0.0421875
0 0.61015625 0.8046875 0.06328125 0.140625
0 0.5890625 0.678125 0.04453125 0.0578125
0 0.5328125 0.69765625 0.05234375 0.075
0 0.55546875 0.6109375 0.059375 0.0609375
0 0.35546875 0.68046875 0.04140625 0.065625
0 0.29765625 0.7015625 0.05546875 0.0671875
0 0.1921875 0.6796875 0.15078125 0.1515625
0 0.0515625 0.74609375 0.07890625 0.10625
0 0.4109375 0.665625 0.034375 0.0515625
1 0.3515625 0.43828125 0.6953125 0.43671875