1 0.9140625 0.31015625 0.034375 0.03359375
1 0.3625 0.43671875 0.23984375 0.071875
0 0.47578125 0.4390625 0.03125 0.03984375
0 0.09296875 0.478125 0.05859375 0.075
0 0.403125 0.4828125 0.4 0.03359375
0 0.7390625 0.4890625 0.0375 0.01484375
0 0.178125 0.5109375 0.0796875 0.028125
0 0.753125 0.53359375 0.23984375 0.0390625
0 0.534375 0.5359375 0.028125 0.025
0 0.1546875 0.54375 0.03828125 0.01640625
0 0.1234375 0.5515625 0.0109375 0.01640625
0 0.08828125 0.55703125 0.009375 0.0203125
0 0.80234375 0.56484375 0.0234375 0.0265625
0 0.02265625 0.58046875 0.03671875 0.0203125