0 0.58203125 0.08671875 0.11640625 0.16328125
0 0.82578125 0.4921875 0.15234375 0.7703125
1 0.46171875 0.165625 0.70546875 0.32109375
0 0.37109375 0.32109375 0.02890625 0.0609375
0 0.64375 0.48984375 0.17421875 0.25546875
0 0.2765625 0.39296875 0.02890625 0.05078125
0 0.2796875 0.50546875 0.0578125 0.10234375
0 0.3890625 0.4359375 0.05078125 0.0765625
0 0.43671875 0.42578125 0.021875 0.08671875
0 0.478125 0.41875 0.01796875 0.1125
0 0.5328125 0.375 0.03984375 0.10703125
0 0.27109375 0.69921875 0.02578125 0.07109375
0 0.32890625 0.75234375 0.0328125 0.096875