0 0.578125 0.36953125 0.28984375 0.30546875
1 0.3015625 0.25546875 0.60234375 0.50859375
0 0.7453125 0.27578125 0.0328125 0.06640625
0 0.8 0.6296875 0.15078125 0.21875
0 0.91796875 0.66171875 0.04296875 0.06640625
0 0.9796875 0.596875 0.03984375 0.13671875
0 0.621875 0.74609375 0.04765625 0.11015625
0 0.80703125 0.81953125 0.075 0.03203125
0 0.64765625 0.83984375 0.06171875 0.06484375
0 0.38984375 0.64140625 0.06015625 0.22890625
1 0.59609375 0.61171875 0.3453125 0.29296875
0 0.48671875 0.78984375 0.0359375 0.05546875
0 0.46328125 0.846875 0.09453125 0.05
0 0.28515625 0.85 0.03984375 0.0296875
0 0.10078125 0.80390625 0.025 0.05546875
0 0.0859375 0.8828125 0.0765625 0.0265625
0 0.36640625 0.853125 0.05546875 0.03828125