0 0.08359375 0.5984375 0.0890625 0.1484375
0 0.24296875 0.728125 0.12109375 0.1328125
0 0.240625 0.6328125 0.0546875 0.03515625
0 0.33125 0.56953125 0.0171875 0.0421875
0 0.49296875 0.77421875 0.1 0.11953125
0 0.6265625 0.7234375 0.07734375 0.24765625
0 0.50703125 0.6125 0.075 0.08828125
0 0.69296875 0.75546875 0.02265625 0.05078125
0 0.7109375 0.8359375 0.04296875 0.03984375
1 0.171875 0.64296875 0.05625 0.1484375
0 0.78203125 0.84765625 0.0171875 0.03515625
0 0.975 0.8140625 0.04140625 0.03984375
1 0.60546875 0.4296875 0.7890625 0.85625
0 0.39296875 0.65078125 0.0796875 0.14140625