0 0.42109375 0.26015625 0.18203125 0.1359375
0 0.63515625 0.54921875 0.20234375 0.14921875
0 0.121875 0.46953125 0.24375 0.35703125
1 0.54765625 0.31328125 0.9 0.62109375
0 0.4703125 0.45859375 0.04375 0.10703125
0 0.36484375 0.615625 0.2421875 0.20234375
0 0.92421875 0.28515625 0.06796875 0.17578125
0 0.98515625 0.36015625 0.02578125 0.0640625
0 0.778125 0.3265625 0.12421875 0.19453125
0 0.80234375 0.47890625 0.06796875 0.0453125
0 0.67109375 0.30546875 0.07421875 0.09296875
0 0.61015625 0.40703125 0.13984375 0.071875
0 0.39375 0.409375 0.05234375 0.07734375