0 0.178125 0.5328125 0.14296875 0.19609375
0 0.38203125 0.54140625 0.04296875 0.07109375
0 0.3796875 0.70234375 0.09296875 0.059375
0 0.4046875 0.44375 0.0234375 0.05390625
0 0.51796875 0.7140625 0.05 0.059375
0 0.6796875 0.8484375 0.0203125 0.04140625
0 0.71171875 0.934375 0.03671875 0.0359375
0 0.81484375 0.940625 0.01015625 0.0234375
0 0.5953125 0.61328125 0.08984375 0.0359375
0 0.678125 0.6578125 0.04296875 0.04140625
0 0.9546875 0.66640625 0.06328125 0.059375
0 0.8984375 0.559375 0.0296875 0.059375
0 0.83828125 0.57734375 0.0296875 0.0359375
0 0.74296875 0.55078125 0.1 0.1609375
0 0.2796875 0.496875 0.046875 0.05390625
1 0.68359375 0.7734375 0.08671875 0.13125
1 0.4984375 0.39296875 0.996875 0.63125