0 0.921875 0.1703125 0.15625 0.334375
0 0.63984375 0.74765625 0.228125 0.17734375
0 0.55078125 0.9046875 0.078125 0.065625
0 0.41796875 0.78359375 0.09609375 0.071875
0 0.8453125 0.75390625 0.0703125 0.071875
1 0.5859375 0.2 0.20390625 0.3078125
0 0.78515625 0.30625 0.11015625 0.128125
0 0.71796875 0.11953125 0.0359375 0.0625
0 0.63984375 0.6265625 0.0203125 0.04609375
0 0.76875 0.67578125 0.03828125 0.071875
0 0.8578125 0.5984375 0.02421875 0.08828125
0 0.7953125 0.42109375 0.08203125 0.07578125
0 0.82109375 0.18203125 0.02578125 0.04921875