0 0.48828125 0.684375 0.09765625 0.35390625
0 0.68125 0.56953125 0.0546875 0.0625
0 0.51484375 0.39921875 0.040625 0.04140625
0 0.4515625 0.33828125 0.02734375 0.03125
0 0.79609375 0.05703125 0.053125 0.1078125
1 0.6359375 0.71875 0.1265625 0.20859375
1 0.36875 0.25546875 0.734375 0.503125
0 0.7546875 0.575 0.0171875 0.08671875
0 0.79765625 0.503125 0.0171875 0.0765625
0 0.71171875 0.61953125 0.0328125 0.03125
0 0.7140625 0.65625 0.0328125 0.028125
1 0.79765625 0.55546875 0.0796875 0.2984375
1 0.37421875 0.690625 0.11875 0.36796875