0 0.88828125 0.459375 0.2203125 0.31484375
0 0.69765625 0.4078125 0.13984375 0.2390625
0 0.62265625 0.6328125 0.24609375 0.26640625
0 0.321875 0.69296875 0.3 0.18984375
0 0.05078125 0.73515625 0.09765625 0.05703125
0 0.4140625 0.50234375 0.10390625 0.18515625
1 0.44140625 0.34296875 0.8828125 0.6828125
0 0.0453125 0.67265625 0.08984375 0.03515625
0 0.503125 0.43515625 0.04609375 0.0546875
0 0.28515625 0.5390625 0.065625 0.10625
0 0.1796875 0.56953125 0.015625 0.0296875
1 0.41484375 0.63984375 0.0296875 0.04609375