0 0.80859375 0.7203125 0.165625 0.128125
1 0.2890625 0.55 0.20078125 0.2703125
0 0.98046875 0.57109375 0.034375 0.04296875
0 0.87109375 0.4765625 0.009375 0.03046875
0 0.4671875 0.7625 0.2125 0.065625
0 0.25234375 0.70078125 0.1890625 0.18984375
0 0.20078125 0.79453125 0.14609375 0.09140625
0 0.10078125 0.6359375 0.19140625 0.0828125
0 0.56640625 0.5828125 0.01171875 0.0125
0 0.20078125 0.5234375 0.0203125 0.05625
0 0.2703125 0.53515625 0.06171875 0.0609375
0 0.09921875 0.55703125 0.0171875 0.03359375
0 0.16875 0.52578125 0.01171875 0.02265625