0 0.53671875 0.60390625 0.1390625 0.09140625
0 0.5734375 0.47890625 0.028125 0.053125
0 0.66484375 0.596875 0.0234375 0.04453125
0 0.85859375 0.503125 0.1765625 0.1390625
0 0.40703125 0.53046875 0.0390625 0.0609375
1 0.29921875 0.35859375 0.5890625 0.3390625
1 0.8890625 0.44140625 0.10625 0.08359375
0 0.19375 0.515625 0.01875 0.025
0 0.2984375 0.48203125 0.015625 0.04140625
0 0.35234375 0.503125 0.0203125 0.028125
0 0.4328125 0.5734375 0.015625 0.01953125
0 0.453125 0.5734375 0.01875 0.025
0 0.69375 0.6 0.0125 0.021875