0 0.240625 0.87421875 0.0671875 0.0453125
0 0.68515625 0.59296875 0.1203125 0.0953125
0 0.7328125 0.70859375 0.04296875 0.0703125
0 0.78125 0.8203125 0.09140625 0.11171875
0 0.91796875 0.87421875 0.0671875 0.0375
0 0.6734375 0.853125 0.09609375 0.0375
0 0.58671875 0.859375 0.02890625 0.04921875
0 0.5265625 0.83046875 0.03359375 0.0328125
1 0.38203125 0.8328125 0.1203125 0.06171875
0 0.65390625 0.9484375 0.134375 0.0375
0 0.81015625 0.94609375 0.1390625 0.04140625
0 0.571875 0.5453125 0.03828125 0.0578125
0 0.55078125 0.61328125 0.0140625 0.0453125
0 0.5796875 0.60546875 0.02421875 0.0375
0 0.6078125 0.72109375 0.1296875 0.13671875
1 0.49765625 0.63046875 0.21640625 0.26875
1 0.65625 0.49375 0.1203125 0.103125