0 0.63203125 0.62890625 0.10859375 0.06953125
0 0.4703125 0.546875 0.03359375 0.13515625
0 0.3859375 0.68671875 0.0421875 0.053125
1 0.30703125 0.4671875 0.284375 0.2953125
0 0.65234375 0.26015625 0.046875 0.0859375
0 0.52421875 0.3875 0.04921875 0.06171875
0 0.821875 0.06328125 0.03984375 0.06953125
0 0.7640625 0.12265625 0.021875 0.05703125
0 0.31875 0.7234375 0.0203125 0.0203125
0 0.5265625 0.6171875 0.04453125 0.02890625
0 0.7140625 0.184375 0.05546875 0.065625
1 0.671875 0.11484375 0.16640625 0.08203125