0 0.51171875 0.684375 0.09765625 0.35390625
0 0.31875 0.56953125 0.0546875 0.0625
0 0.48515625 0.39921875 0.040625 0.04140625
0 0.5484375 0.33828125 0.02734375 0.03125
0 0.20390625 0.05703125 0.053125 0.1078125
1 0.3640625 0.71875 0.1265625 0.20859375
1 0.63125 0.25546875 0.734375 0.503125
0 0.2453125 0.575 0.0171875 0.08671875
0 0.20234375 0.503125 0.0171875 0.0765625
0 0.28828125 0.61953125 0.0328125 0.03125
0 0.2859375 0.65625 0.0328125 0.028125
1 0.20234375 0.55546875 0.0796875 0.2984375
1 0.62578125 0.690625 0.11875 0.36796875