0 0.3703125 0.33984375 0.06015625 0.10234375
0 0.7265625 0.54453125 0.06640625 0.1203125
0 0.5734375 0.51328125 0.08671875 0.1640625
0 0.15 0.3640625 0.08671875 0.0890625
0 0.15859375 0.553125 0.04296875 0.1375
1 0.41171875 0.3 0.6765625 0.378125
0 0.728125 0.746875 0.11015625 0.10703125
0 0.8453125 0.89296875 0.103125 0.09765625
0 0.90859375 0.73984375 0.05 0.07578125
0 0.896875 0.64453125 0.06015625 0.09765625
0 0.63984375 0.82421875 0.09296875 0.07578125
0 0.4453125 0.86640625 0.03671875 0.0359375
0 0.421875 0.6734375 0.196875 0.07578125
0 0.15859375 0.68203125 0.04296875 0.04921875