0 0.68359375 0.70859375 0.03515625 0.14609375
0 0.80546875 0.63046875 0.021875 0.0796875
0 0.75390625 0.625 0.01953125 0.0765625
0 0.6046875 0.14921875 0.1703125 0.1390625
1 0.3453125 0.2046875 0.35546875 0.403125
0 0.4734375 0.65625 0.1109375 0.1390625
0 0.32109375 0.6859375 0.0484375 0.09375
0 0.23828125 0.73125 0.04296875 0.2671875
0 0.4765625 0.47578125 0.05078125 0.05546875
0 0.7140625 0.296875 0.0765625 0.0453125
0 0.46953125 0.5609375 0.084375 0.05234375
0 0.75 0.815625 0.015625 0.0140625
1 0.1109375 0.40078125 0.21875 0.7953125
0 0.38671875 0.64921875 0.02734375 0.0484375