0 0.6515625 0.9578125 0.084375 0.084375
0 0.2109375 0.68203125 0.06640625 0.05859375
0 0.7515625 0.70390625 0.2265625 0.2125
0 0.7578125 0.35703125 0.12109375 0.084375
0 0.9015625 0.60078125 0.0328125 0.040625
0 0.3984375 0.64453125 0.09375 0.134375
0 0.2421875 0.75234375 0.0234375 0.02890625
0 0.49609375 0.33984375 0.3046875 0.13671875
0 0.2890625 0.4140625 0.24609375 0.13984375
0 0.0234375 0.42734375 0.046875 0.04921875
0 0.525 0.56015625 0.17578125 0.16328125
0 0.9046875 0.24375 0.0234375 0.03203125
0 0.81875 0.8921875 0.01953125 0.0234375
0 0.82109375 0.94921875 0.021875 0.0265625
0 0.25859375 0.53046875 0.0328125 0.046875
1 0.35 0.18828125 0.4609375 0.30625
0 0.03984375 0.31796875 0.040625 0.0234375
0 0.6640625 0.46171875 0.08203125 0.04375
0 0.62578125 0.56015625 0.053125 0.0703125
0 0.0796875 0.42109375 0.01953125 0.0203125
0 0.0640625 0.66328125 0.0859375 0.084375
0 0.15234375 0.64453125 0.04296875 0.02890625