0 0.70390625 0.7203125 0.1078125 0.415625
0 0.51875 0.87734375 0.10234375 0.13125
0 0.26015625 0.6 0.13515625 0.25
1 0.9171875 0.82890625 0.10078125 0.18828125
0 0.38515625 0.40234375 0.04140625 0.09140625
0 0.35234375 0.51015625 0.07578125 0.11875
0 0.3828125 0.63359375 0.03046875 0.04921875
1 0.4921875 0.23125 0.403125 0.4578125
0 0.790625 0.875 0.02734375 0.0765625
0 0.75234375 0.5171875 0.02109375 0.034375
0 0.93203125 0.94296875 0.03671875 0.01953125
0 0.25859375 0.946875 0.02265625 0.0375
0 0.45234375 0.671875 0.03203125 0.0765625
0 0.62109375 0.64375 0.02890625 0.03984375
0 0.60703125 0.86875 0.0515625 0.12890625
0 0.64453125 0.47421875 0.06875 0.071875
0 0.66328125 0.2203125 0.115625 0.2078125
0 0.3859375 0.2140625 0.06875 0.15625
0 0.290625 0.30078125 0.0515625 0.12109375
0 0.3078125 0.06171875 0.0609375 0.11875
0 0.1296875 0.78203125 0.01953125 0.034375