1 0.10390625 0.7578125 0.2015625 0.37109375
1 0.96640625 0.8421875 0.0671875 0.1625
0 0.6890625 0.7703125 0.2765625 0.40859375
0 0.8015625 0.453125 0.13203125 0.10078125
0 0.91953125 0.5 0.046875 0.09453125
0 0.40078125 0.2078125 0.36796875 0.40234375
0 0.20078125 0.93984375 0.1015625 0.1203125
0 0.41484375 0.92734375 0.15078125 0.14453125
0 0.36640625 0.553125 0.059375 0.12578125
1 0.44375 0.18515625 0.15078125 0.3078125
1 0.83984375 0.31796875 0.2265625 0.2578125
1 0.4625 0.7234375 0.18203125 0.2765625