0 0.31953125 0.7015625 0.025 0.153125
0 0.52265625 0.653125 0.1109375 0.1390625
0 0.246875 0.628125 0.0171875 0.0765625
0 0.371875 0.64765625 0.025 0.128125
0 0.18828125 0.53671875 0.0609375 0.05234375
0 0.65703125 0.6703125 0.0875 0.13203125
0 0.19453125 0.63046875 0.025 0.0796875
0 0.759375 0.721875 0.0390625 0.2984375
0 0.7171875 0.5921875 0.01953125 0.0453125
0 0.41015625 0.184375 0.15625 0.215625
0 0.50390625 0.45859375 0.05859375 0.11796875
0 0.3875 0.3453125 0.0296875 0.059375
0 0.5125 0.55234375 0.0640625 0.05546875
1 0.678125 0.1578125 0.34375 0.309375
0 0.28125 0.26875 0.0703125 0.059375
0 0.2421875 0.69765625 0.02734375 0.04140625
1 0.109375 0.5140625 0.21875 0.9375