0 0.1421875 0.45703125 0.1359375 0.24296875
0 0.303125 0.36328125 0.1265625 0.2734375
0 0.7953125 0.4046875 0.34140625 0.446875
0 0.4421875 0.37109375 0.20234375 0.5015625
0 0.3203125 0.62265625 0.125 0.14140625
0 0.1875 0.65390625 0.05234375 0.121875
0 0.2890625 0.8578125 0.03359375 0.1046875
0 0.4171875 0.84296875 0.0640625 0.16640625
0 0.51015625 0.82265625 0.04765625 0.128125
0 0.6828125 0.8078125 0.03984375 0.178125
0 0.74765625 0.81328125 0.0375 0.16640625
1 0.465625 0.60703125 0.39140625 0.48359375
1 0.853125 0.83203125 0.1734375 0.14296875