0 0.22734375 0.965625 0.021875 0.0328125
0 0.3328125 0.87265625 0.02578125 0.0328125
0 0.6171875 0.9296875 0.021875 0.05078125
0 0.78125 0.89296875 0.134375 0.2140625
0 0.36171875 0.78984375 0.04375 0.0421875
0 0.90078125 0.78203125 0.0421875 0.12890625
0 0.7953125 0.56328125 0.29375 0.3875
1 0.81015625 0.3078125 0.3796875 0.609375
1 0.3 0.840625 0.21171875 0.228125
0 0.621875 0.67265625 0.171875 0.21640625
0 0.559375 0.86015625 0.0140625 0.05078125
0 0.2453125 0.915625 0.034375 0.0421875
1 0.13515625 0.240625 0.23828125 0.221875
0 0.24609375 0.36171875 0.06015625 0.02109375