0 0.30390625 0.3375 0.165625 0.3
0 0.5703125 0.7609375 0.0234375 0.08515625
0 0.42890625 0.75625 0.0375 0.0875
0 0.29609375 0.753125 0.05625 0.09375
0 0.159375 0.746875 0.071875 0.1
0 0.175 0.56640625 0.0765625 0.03046875
0 0.08125 0.63671875 0.0296875 0.03046875
0 0.36328125 0.63359375 0.03515625 0.03046875
0 0.56875 0.41484375 0.19140625 0.3390625
1 0.67265625 0.45 0.1 0.17890625
1 0.384375 0.46796875 0.125 0.1125
1 0.19609375 0.39375 0.1265625 0.16328125
0 0.64453125 0.91953125 0.02734375 0.02109375
0 0.46171875 0.6515625 0.0453125 0.03046875
0 0.5375 0.6578125 0.0234375 0.03046875
0 0.63125 0.6484375 0.09765625 0.01796875
0 0.77265625 0.5625 0.0484375 0.07578125
0 0.909375 0.66953125 0.025 0.06640625
1 0.3921875 0.13046875 0.21875 0.19375