0 0.32109375 0.925 0.025 0.14921875
0 0.25078125 0.88203125 0.0296875 0.1390625
0 0.378125 0.8734375 0.025 0.128125
0 0.35 0.4875 0.16796875 0.11484375
1 0.11328125 0.67890625 0.21875 0.628125
0 0.584375 0.31796875 0.25390625 0.53125
0 0.5046875 0.88203125 0.06875 0.14609375
0 0.39453125 0.57109375 0.01953125 0.05234375
0 0.77265625 0.8921875 0.0453125 0.215625
0 0.72578125 0.80390625 0.025 0.09375
0 0.6671875 0.890625 0.0875 0.1421875
0 0.565625 0.8421875 0.040625 0.03125
0 0.5203125 0.77265625 0.0484375 0.03125
1 0.4859375 0.18203125 0.19140625 0.35078125
1 0.93046875 0.07109375 0.134375 0.13515625