0 0.93828125 0.6953125 0.11875 0.1640625
0 0.046875 0.521875 0.09375 0.1875
0 0.50703125 0.715625 0.63125 0.44609375
0 0.04296875 0.17890625 0.0546875 0.10546875
0 0.5171875 0.20234375 0.0234375 0.3984375
0 0.4671875 0.2203125 0.0234375 0.434375
0 0.46875 0.5765625 0.01953125 0.05546875
0 0.30859375 0.37421875 0.25390625 0.7421875
1 0.92578125 0.3125 0.14453125 0.46640625
1 0.296875 0.27265625 0.18359375 0.53984375
0 0.03046875 0.69921875 0.0609375 0.07890625
1 0.65234375 0.41484375 0.19140625 0.3546875