0 0.95078125 0.715625 0.046875 0.0875
0 0.75703125 0.41015625 0.26796875 0.284375
0 0.56484375 0.9234375 0.1015625 0.153125
0 0.31875 0.4703125 0.0796875 0.0875
0 0.29921875 0.71875 0.0328125 0.09296875
0 0.13984375 0.27578125 0.27890625 0.39921875
1 0.12890625 0.10625 0.25703125 0.20234375
1 0.7828125 0.16953125 0.3984375 0.328125
0 0.43125 0.63125 0.0359375 0.04921875
0 0.49609375 0.784375 0.05078125 0.11484375
0 0.12109375 0.65546875 0.08359375 0.109375
0 0.22265625 0.5546875 0.0328125 0.06015625