0 0.09296875 0.46640625 0.17265625 0.1515625
0 0.7328125 0.46015625 0.05234375 0.090625
0 0.61640625 0.46796875 0.025 0.08828125
1 0.49609375 0.29921875 0.9921875 0.596875
0 0.2421875 0.88203125 0.159375 0.07421875
0 0.37109375 0.72734375 0.03828125 0.06953125
0 0.225 0.5015625 0.05625 0.15703125
0 0.41640625 0.93203125 0.10078125 0.0765625
0 0.78046875 0.95 0.0375 0.0515625
0 0.7078125 0.3359375 0.17578125 0.03671875
0 0.7203125 0.95234375 0.0234375 0.025
0 0.56640625 0.94140625 0.05859375 0.04921875
0 0.1390625 0.8765625 0.04453125 0.05
0 0.08046875 0.85859375 0.03828125 0.0484375
0 0.8796875 0.91015625 0.0203125 0.03359375