0 0.85859375 0.47109375 0.2796875 0.09140625
0 0.1328125 0.46796875 0.2625 0.21015625
0 0.06953125 0.66875 0.1390625 0.13359375
0 0.2734375 0.74453125 0.103125 0.09765625
0 0.4984375 0.38125 0.103125 0.10390625
0 0.9125 0.26953125 0.059375 0.05625
0 0.36484375 0.546875 0.1765625 0.16015625
0 0.70859375 0.57578125 0.0671875 0.06875
0 0.509375 0.55546875 0.071875 0.04375
1 0.3484375 0.22421875 0.696875 0.33515625
0 0.9765625 0.74609375 0.01875 0.025
0 0.63046875 0.53671875 0.0203125 0.03984375
0 0.6109375 0.37734375 0.040625 0.02890625
0 0.40390625 0.384375 0.0234375 0.04375
0 0.9421875 0.63203125 0.01875 0.03125