0 0.628125 0.31015625 0.02109375 0.0703125
0 0.48203125 0.4140625 0.02109375 0.06015625
0 0.2 0.75234375 0.03828125 0.08203125
0 0.1765625 0.38046875 0.353125 0.63046875
1 0.9546875 0.40234375 0.02578125 0.09609375
1 0.4171875 0.3203125 0.18828125 0.63984375
1 0.7 0.28671875 0.39375 0.509375
0 0.68671875 0.47578125 0.009375 0.0453125
0 0.6703125 0.46640625 0.0140625 0.0578125
0 0.64609375 0.48515625 0.01796875 0.03984375
1 0.296875 0.8796875 0.128125 0.240625
0 0.0984375 0.846875 0.19609375 0.30546875