0 0.121875 0.3015625 0.03125 0.05859375
0 0.159375 0.29453125 0.01875 0.01640625
0 0.13515625 0.4125 0.0390625 0.05859375
0 0.18828125 0.4359375 0.0109375 0.03359375
0 0.49765625 0.321875 0.0296875 0.10546875
0 0.45390625 0.39453125 0.0515625 0.071875
0 0.28046875 0.55703125 0.1390625 0.11953125
0 0.478125 0.584375 0.20625 0.18046875
0 0.5890625 0.696875 0.021875 0.021875
0 0.7046875 0.68359375 0.015625 0.021875
0 0.76875 0.690625 0.03125 0.046875
1 0.27734375 0.234375 0.1234375 0.11953125
1 0.96796875 0.47890625 0.0296875 0.13046875
1 0.59453125 0.553125 0.2265625 0.13359375