0 0.41015625 0.703125 0.121875 0.19296875
0 0.6125 0.6765625 0.0640625 0.1734375
0 0.5203125 0.7203125 0.04921875 0.11328125
0 0.68203125 0.7703125 0.0265625 0.0265625
0 0.39921875 0.58984375 0.0421875 0.03359375
0 0.48671875 0.56328125 0.021875 0.0203125
0 0.25234375 0.553125 0.02890625 0.0265625
0 0.1109375 0.63515625 0.01796875 0.0234375
1 0.2125 0.7984375 0.184375 0.096875
0 0.496875 0.76484375 0.015625 0.03671875
0 0.6453125 0.721875 0.0109375 0.0296875
1 0.6140625 0.81171875 0.10859375 0.096875