1 0.553125 0.6109375 0.67421875 0.5140625
1 0.08125 0.2328125 0.16171875 0.28125
0 0.8140625 0.61328125 0.1640625 0.175
0 0.30703125 0.31875 0.265625 0.3046875
0 0.53515625 0.04609375 0.065625 0.0859375
0 0.79765625 0.13359375 0.04765625 0.06015625
0 0.625 0.09609375 0.01796875 0.06015625
0 0.93125 0.73828125 0.0296875 0.08046875
0 0.89296875 0.75859375 0.021875 0.034375
0 0.39765625 0.63828125 0.2640625 0.3390625
0 0.5671875 0.74296875 0.01796875 0.02578125
0 0.17890625 0.428125 0.11796875 0.15546875
0 0.13984375 0.21953125 0.071875 0.140625
0 0.46875 0.04921875 0.034375 0.0515625
0 0.8421875 0.83515625 0.06796875 0.09453125