1 0.82890625 0.553125 0.29140625 0.24140625
1 0.178125 0.69765625 0.35390625 0.6046875
0 0.9421875 0.69140625 0.0421875 0.021875
0 0.828125 0.69140625 0.02578125 0.025
0 0.73515625 0.68671875 0.0359375 0.03984375
0 0.56484375 0.68046875 0.03046875 0.03671875
0 0.4328125 0.6875 0.015625 0.0265625
0 0.17421875 0.67734375 0.0203125 0.0359375
0 0.08046875 0.6796875 0.04296875 0.0296875
0 0.89375 0.69296875 0.0328125 0.0234375
0 0.35390625 0.68671875 0.0265625 0.03125
0 0.3046875 0.68203125 0.02734375 0.028125
0 0.25859375 0.68125 0.021875 0.0296875
0 0.32890625 0.68828125 0.01484375 0.01953125
0 0.60390625 0.6875 0.0140625 0.01484375