1 0.44609375 0.3625 0.89140625 0.7234375
0 0.11953125 0.79765625 0.09375 0.11796875
0 0.29140625 0.85703125 0.07734375 0.06796875
0 0.3796875 0.84609375 0.04453125 0.071875
0 0.5203125 0.30546875 0.33046875 0.60078125
0 0.4828125 0.82421875 0.1375 0.125
0 0.646875 0.84140625 0.08125 0.06875
0 0.82421875 0.821875 0.05078125 0.03046875
0 0.98515625 0.60625 0.02890625 0.09921875
0 0.484375 0.7203125 0.21171875 0.09296875
0 0.63203125 0.753125 0.0453125 0.07890625
0 0.7625 0.828125 0.0296875 0.03984375
0 0.83515625 0.703125 0.1 0.0859375
0 0.87734375 0.61953125 0.02734375 0.0734375
0 0.9328125 0.66796875 0.046875 0.1046875
0 0.75 0.51171875 0.08046875 0.2453125
0 0.76015625 0.2796875 0.03671875 0.059375
0 0.06875 0.89296875 0.03359375 0.03203125