1 0.5140625 0.36015625 0.96796875 0.71328125
0 0.246875 0.5109375 0.13515625 0.16796875
0 0.4328125 0.5 0.0625 0.071875
0 0.7546875 0.625 0.04609375 0.065625
0 0.5234375 0.5984375 0.05078125 0.125
0 0.6328125 0.82578125 0.0890625 0.0375
0 0.47109375 0.75703125 0.03046875 0.06875
0 0.46484375 0.85234375 0.12265625 0.053125
0 0.29453125 0.9015625 0.07265625 0.053125
0 0.10390625 0.440625 0.1390625 0.20859375
0 0.428125 0.71484375 0.03828125 0.034375
0 0.77734375 0.79296875 0.13515625 0.14609375
1 0.034375 0.4125 0.040625 0.059375
1 0.915625 0.72890625 0.08046875 0.23671875
1 0.253125 0.83203125 0.08671875 0.1
1 0.73828125 0.8890625 0.07265625 0.078125