0 0.8015625 0.4203125 0.07421875 0.15390625
0 0.50078125 0.353125 0.415625 0.7
0 0.50546875 0.8015625 0.0609375 0.2484375
0 0.18828125 0.7375 0.0203125 0.03984375
1 0.8640625 0.54296875 0.14609375 0.5375
1 0.53671875 0.21875 0.48984375 0.43125
0 0.61328125 0.8375 0.08828125 0.24609375
0 0.24609375 0.7140625 0.04765625 0.0515625
0 0.2125 0.8828125 0.02578125 0.18828125
0 0.2609375 0.83828125 0.040625 0.1171875
0 0.3296875 0.84609375 0.021875 0.16015625
0 0.3734375 0.83828125 0.021875 0.1625
0 0.7421875 0.54609375 0.03046875 0.034375
0 0.73828125 0.815625 0.0421875 0.19140625
0 0.52578125 0.9640625 0.0640625 0.0375
1 0.26640625 0.50703125 0.12890625 0.36875