0 0.77265625 0.965625 0.021875 0.0328125
0 0.6671875 0.87265625 0.02578125 0.0328125
0 0.3828125 0.9296875 0.021875 0.05078125
0 0.21875 0.89296875 0.134375 0.2140625
0 0.63828125 0.78984375 0.04375 0.0421875
0 0.09921875 0.78203125 0.0421875 0.12890625
0 0.2046875 0.56328125 0.29375 0.3875
1 0.18984375 0.3078125 0.3796875 0.609375
1 0.7 0.840625 0.21171875 0.228125
0 0.378125 0.67265625 0.171875 0.21640625
0 0.440625 0.86015625 0.0140625 0.05078125
0 0.7546875 0.915625 0.034375 0.0421875
1 0.86484375 0.240625 0.23828125 0.221875
0 0.75390625 0.36171875 0.06015625 0.02109375