0 0.6140625 0.86171875 0.11484375 0.109375
0 0.8234375 0.83125 0.1296875 0.1859375
0 0.61328125 0.58125 0.1921875 0.1765625
0 0.36171875 0.96640625 0.09609375 0.06171875
0 0.18125 0.3265625 0.07265625 0.06171875
0 0.1796875 0.39765625 0.021875 0.04765625
0 0.0296875 0.48125 0.025 0.04765625
0 0.60390625 0.7484375 0.04453125 0.09296875
0 0.08125 0.125 0.06484375 0.09296875
0 0.76015625 0.68828125 0.05390625 0.13359375
0 0.8375 0.97734375 0.028125 0.0359375
1 0.4078125 0.18125 0.39609375 0.35703125
0 0.47265625 0.50625 0.04296875 0.08359375