0 0.571875 0.30234375 0.1640625 0.16953125
0 0.96484375 0.4984375 0.065625 0.36640625
0 0.7921875 0.2890625 0.05234375 0.059375
0 0.73828125 0.25625 0.05234375 0.05390625
0 0.68125 0.23515625 0.02578125 0.04140625
0 0.6703125 0.340625 0.02421875 0.05625
0 0.72734375 0.3515625 0.034375 0.0234375
0 0.42734375 0.25625 0.065625 0.10703125
0 0.275 0.1953125 0.13828125 0.19375
1 0.78125 0.4109375 0.434375 0.815625
1 0.1390625 0.39609375 0.278125 0.75625
0 0.35703125 0.35546875 0.0296875 0.06875
1 0.3953125 0.378125 0.1421875 0.23203125
1 0.51875 0.4734375 0.0578125 0.10703125