0 0.49921875 0.353125 0.41875 0.7
0 0.79296875 0.42421875 0.07109375 0.16875
0 0.50625 0.8015625 0.06640625 0.2484375
0 0.621875 0.83828125 0.10859375 0.26015625
0 0.37265625 0.8375 0.02734375 0.17734375
0 0.328125 0.846875 0.02578125 0.1859375
0 0.25859375 0.8359375 0.04609375 0.134375
0 0.21171875 0.8875 0.02734375 0.20859375
0 0.25 0.71171875 0.05234375 0.06875
0 0.1875 0.7375 0.02890625 0.0515625
0 0.51953125 0.9640625 0.0796875 0.03125
1 0.58046875 0.42734375 0.7203125 0.8484375
0 0.753125 0.80859375 0.01875 0.165625