0 0.16875 0.4375 0.303125 0.14921875
0 0.5359375 0.4296875 0.30625 0.31015625
0 0.253125 0.25703125 0.2203125 0.05234375
0 0.4125 0.2296875 0.046875 0.05546875
0 0.98359375 0.66484375 0.0328125 0.0671875
0 0.71171875 0.64765625 0.0765625 0.04375
0 0.775 0.76875 0.046875 0.046875
0 0.8203125 0.62109375 0.04296875 0.05
0 0.7296875 0.54375 0.0453125 0.03515625
0 0.64140625 0.70625 0.0328125 0.0265625
0 0.98359375 0.49453125 0.0328125 0.0234375
1 0.40625 0.1375 0.515625 0.26328125
0 0.0671875 0.2 0.0296875 0.03828125
0 0.08984375 0.2546875 0.03125 0.046875
0 0.0125 0.203125 0.0140625 0.0265625
0 0.015625 0.253125 0.01953125 0.0203125