0 0.23125 0.7953125 0.29140625 0.34375
0 0.4296875 0.10625 0.04765625 0.06640625
0 0.27734375 0.20625 0.05625 0.065625
0 0.66484375 0.95390625 0.1046875 0.0921875
0 0.340625 0.24453125 0.0375 0.05859375
0 0.421875 0.2734375 0.02734375 0.04375
0 0.4625 0.8984375 0.15546875 0.18359375
0 0.03203125 0.85390625 0.05234375 0.09765625
1 0.59453125 0.53671875 0.80078125 0.61953125
0 0.56796875 0.8625 0.0234375 0.03984375
1 0.05234375 0.646875 0.103125 0.26171875
1 0.09765625 0.4546875 0.19453125 0.23203125