1 0.27421875 0.14140625 0.54375 0.2734375
1 0.10390625 0.56875 0.203125 0.56953125
1 0.771875 0.1203125 0.4375 0.234375
1 0.934375 0.60546875 0.13125 0.7234375
0 0.7515625 0.196875 0.1984375 0.07109375
0 0.3453125 0.29453125 0.0578125 0.0265625
0 0.34921875 0.4703125 0.05546875 0.028125
0 0.21953125 0.75390625 0.03359375 0.240625
0 0.15 0.88203125 0.04375 0.053125
0 0.35234375 0.86953125 0.0484375 0.021875
0 0.84765625 0.80078125 0.04375 0.13203125
0 0.8546875 0.95703125 0.03828125 0.0484375
0 0.59140625 0.97421875 0.04375 0.0265625
0 0.71875 0.61640625 0.06015625 0.025
0 0.58125 0.76015625 0.04609375 0.0203125
0 0.58125 0.86640625 0.04609375 0.021875
0 0.34921875 0.79609375 0.04609375 0.0203125
0 0.31171875 0.68671875 0.06796875 0.025
0 0.29375 0.4 0.0265625 0.0359375
0 0.2921875 0.58203125 0.02890625 0.025
0 0.2921875 0.76015625 0.02421875 0.0265625
0 0.578125 0.26015625 0.05546875 0.0234375