0 0.759375 0.87421875 0.0671875 0.0453125
0 0.31484375 0.59296875 0.1203125 0.0953125
0 0.2671875 0.70859375 0.04296875 0.0703125
0 0.21875 0.8203125 0.09140625 0.11171875
0 0.08203125 0.87421875 0.0671875 0.0375
0 0.3265625 0.853125 0.09609375 0.0375
0 0.41328125 0.859375 0.02890625 0.04921875
0 0.4734375 0.83046875 0.03359375 0.0328125
1 0.61796875 0.8328125 0.1203125 0.06171875
0 0.34609375 0.9484375 0.134375 0.0375
0 0.18984375 0.94609375 0.1390625 0.04140625
0 0.428125 0.5453125 0.03828125 0.0578125
0 0.44921875 0.61328125 0.0140625 0.0453125
0 0.4203125 0.60546875 0.02421875 0.0375
0 0.3921875 0.72109375 0.1296875 0.13671875
1 0.50234375 0.63046875 0.21640625 0.26875
1 0.34375 0.49375 0.1203125 0.103125