0 0.1953125 0.93671875 0.178125 0.1265625
0 0.934375 0.8375 0.06875 0.08671875
0 0.83671875 0.84140625 0.05546875 0.0578125
0 0.78125 0.8828125 0.0203125 0.025
0 0.421875 0.8484375 0.3375 0.071875
0 0.31875 0.93359375 0.03359375 0.0328125
1 0.45703125 0.25625 0.91328125 0.50546875
0 0.471875 0.60625 0.015625 0.021875
0 0.42578125 0.603125 0.02890625 0.02890625
0 0.33203125 0.59765625 0.0203125 0.01796875
0 0.27890625 0.60078125 0.015625 0.01796875
0 0.671875 0.603125 0.02890625 0.02890625
0 0.6375 0.58671875 0.01796875 0.06171875
0 0.54453125 0.59765625 0.01796875 0.06875
0 0.5734375 0.22734375 0.0796875 0.14453125
0 0.32890625 0.35 0.03125 0.04296875
1 0.90546875 0.6140625 0.184375 0.2890625
0 0.66328125 0.85703125 0.0421875 0.046875