0 0.35390625 0.19921875 0.1078125 0.33828125
0 0.9796875 0.265625 0.0359375 0.06015625
0 0.89375 0.34140625 0.07578125 0.1390625
0 0.79765625 0.34296875 0.071875 0.15390625
0 0.69921875 0.365625 0.1703125 0.20546875
0 0.48828125 0.29140625 0.04765625 0.09375
0 0.3859375 0.43984375 0.02421875 0.06328125
0 0.2640625 0.42265625 0.08828125 0.1453125
0 0.06171875 0.19609375 0.04375 0.10859375
0 0.05234375 0.3609375 0.0796875 0.16015625
0 0.215625 0.2703125 0.03203125 0.0515625
0 0.16171875 0.353125 0.028125 0.0421875
1 0.49921875 0.19609375 0.99765625 0.38671875
0 0.43671875 0.3265625 0.021875 0.03046875
0 0.78828125 0.215625 0.02421875 0.0453125