0 0.65234375 0.48828125 0.02890625 0.0671875
0 0.571875 0.56640625 0.04140625 0.0921875
0 0.13203125 0.65234375 0.0609375 0.121875
0 0.015625 0.71953125 0.02890625 0.0796875
0 0.41796875 0.6359375 0.0359375 0.03359375
1 0.50703125 0.21796875 0.9859375 0.43203125
1 0.17890625 0.4203125 0.346875 0.34140625
1 0.62890625 0.58046875 0.021875 0.03203125
0 0.4 0.58046875 0.021875 0.025
0 0.059375 0.740625 0.0234375 0.0265625
0 0.1171875 0.725 0.03203125 0.015625
0 0.5265625 0.63046875 0.01953125 0.0140625