0 0.234375 0.60703125 0.05078125 0.10546875
0 0.7578125 0.3828125 0.17578125 0.290625
0 0.97421875 0.45390625 0.0515625 0.1828125
0 0.5640625 0.37421875 0.2109375 0.25546875
0 0.2140625 0.1140625 0.1703125 0.19375
0 0.4109375 0.27421875 0.05625 0.07890625
0 0.10625 0.34765625 0.0171875 0.0265625
0 0.26953125 0.53515625 0.04296875 0.096875
0 0.39375 0.5921875 0.0796875 0.140625
0 0.58203125 0.29453125 0.08984375 0.10234375
0 0.22734375 0.70703125 0.0484375 0.06484375
1 0.38984375 0.1421875 0.2328125 0.27890625