0 0.3953125 0.39609375 0.10390625 0.33515625
0 0.43515625 0.76640625 0.05625 0.06484375
0 0.55703125 0.76171875 0.06328125 0.07421875
0 0.3109375 0.77265625 0.0328125 0.0375
0 0.01484375 0.92421875 0.02578125 0.046875
0 0.02734375 0.69453125 0.0328125 0.034375
1 0.42421875 0.32734375 0.8453125 0.65
0 0.5078125 0.59296875 0.0203125 0.07421875
0 0.5609375 0.65859375 0.0203125 0.03203125
0 0.55703125 0.240625 0.07109375 0.1140625
0 0.5765625 0.38828125 0.04765625 0.0671875
0 0.23125 0.765625 0.021875 0.03203125
0 0.38828125 0.69375 0.0203125 0.0421875
0 0.38828125 0.78671875 0.01640625 0.0296875