0 0.384375 0.57109375 0.13203125 0.1203125
0 0.08984375 0.5578125 0.0359375 0.04609375
0 0.75 0.65703125 0.04375 0.128125
1 0.7 0.39765625 0.6 0.7875
0 0.28984375 0.6265625 0.02421875 0.02578125
0 0.2640625 0.73046875 0.0203125 0.034375
0 0.36015625 0.83671875 0.0359375 0.021875
0 0.76015625 0.76015625 0.028125 0.034375
0 0.8390625 0.73046875 0.1421875 0.1421875
0 0.87109375 0.83046875 0.034375 0.02578125
0 0.884375 0.621875 0.05625 0.0703125
0 0.9546875 0.73046875 0.01796875 0.04609375
0 0.253125 0.528125 0.034375 0.01796875
0 0.2328125 0.421875 0.02578125 0.0140625
0 0.08203125 0.42421875 0.04765625 0.0421875
0 0.021875 0.4421875 0.03984375 0.034375
0 0.26015625 0.6625 0.03203125 0.021875
0 0.1546875 0.68359375 0.0140625 0.03984375