0 0.85 0.64375 0.17265625 0.1546875
1 0.49921875 0.40078125 0.99765625 0.79765625
0 0.81015625 0.78828125 0.075 0.05234375
0 0.58828125 0.8015625 0.05 0.021875
0 0.5125 0.7515625 0.10234375 0.03046875
0 0.38828125 0.778125 0.0546875 0.0421875
0 0.43984375 0.57734375 0.09765625 0.0359375
0 0.08671875 0.70625 0.059375 0.03203125
0 0.2078125 0.74609375 0.04765625 0.015625
0 0.95078125 0.8421875 0.05703125 0.0578125
0 0.759375 0.82109375 0.05 0.040625
0 0.45 0.8109375 0.0953125 0.03046875
0 0.3125 0.78046875 0.025 0.0375
0 0.92578125 0.921875 0.09765625 0.0578125
0 0.8328125 0.89375 0.05703125 0.03203125