1 0.403125 0.6453125 0.44296875 0.5984375
0 0.190625 0.94375 0.0328125 0.03203125
0 0.28828125 0.95546875 0.00859375 0.03125
0 0.325 0.9390625 0.00859375 0.021875
0 0.4703125 0.915625 0.01328125 0.034375
0 0.49296875 0.91953125 0.02265625 0.05546875
0 0.51953125 0.940625 0.01015625 0.03359375
0 0.5421875 0.9359375 0.0140625 0.03359375
0 0.5875 0.95078125 0.01953125 0.03359375
0 0.625 0.93828125 0.0125 0.02890625
0 0.64609375 0.94609375 0.01640625 0.028125
0 0.60703125 0.946875 0.01015625 0.02890625