0 0.18359375 0.49453125 0.3640625 0.3140625
0 0.80078125 0.5296875 0.1359375 0.2546875
0 0.68125 0.81796875 0.0390625 0.05625
1 0.21875 0.1390625 0.15546875 0.2734375
0 0.84765625 0.71015625 0.03046875 0.04453125
0 0.62109375 0.9125 0.01796875 0.025
0 0.65 0.94765625 0.02265625 0.01953125
0 0.74140625 0.90859375 0.021875 0.0171875
0 0.475 0.3890625 0.09296875 0.04609375
0 0.58046875 0.4125 0.0953125 0.03046875
0 0.59453125 0.58515625 0.028125 0.12890625
0 0.45078125 0.53046875 0.05234375 0.23671875
0 0.65 0.6984375 0.0609375 0.0671875
0 0.6390625 0.81328125 0.01796875 0.07734375
0 0.51640625 0.48828125 0.0328125 0.040625
0 0.515625 0.63203125 0.0203125 0.0234375
0 0.375 0.625 0.02265625 0.0328125
0 0.64921875 0.87109375 0.03046875 0.0234375
0 0.69921875 0.42265625 0.0390625 0.02109375
0 0.68125 0.534375 0.02890625 0.025
0 0.6265625 0.62421875 0.0140625 0.03046875
0 0.671875 0.59375 0.028125 0.0234375
0 0.69375 0.65703125 0.0125 0.1
0 0.590625 0.490625 0.02578125 0.04453125
1 0.58203125 0.35546875 0.28359375 0.1140625