0 0.1234375 0.2640625 0.053125 0.0640625
0 0.3046875 0.246875 0.08984375 0.08046875
0 0.459375 0.2265625 0.1484375 0.15546875
0 0.7125 0.215625 0.1015625 0.1171875
0 0.8546875 0.28515625 0.28984375 0.42578125
0 0.80234375 0.53828125 0.125 0.06796875
0 0.6171875 0.54765625 0.03828125 0.2109375
0 0.54140625 0.67421875 0.11015625 0.11484375
0 0.38359375 0.55859375 0.06328125 0.1890625
0 0.3046875 0.6859375 0.06640625 0.07421875
0 0.1984375 0.54375 0.06328125 0.134375
0 0.36796875 0.39453125 0.0234375 0.04921875
0 0.37734375 0.8828125 0.09140625 0.09375
0 0.625 0.89609375 0.096875 0.05546875
0 0.88203125 0.91796875 0.14296875 0.0703125
0 0.77890625 0.9265625 0.03203125 0.03203125
0 0.7359375 0.92265625 0.0453125 0.0359375
0 0.9796875 0.95859375 0.0265625 0.040625
0 0.2265625 0.6890625 0.046875 0.05546875
1 0.475 0.3140625 0.946875 0.6234375