0 0.621875 0.2953125 0.059375 0.090625
0 0.48515625 0.47734375 0.1140625 0.159375
0 0.84765625 0.83671875 0.1515625 0.24140625
0 0.6953125 0.86484375 0.03125 0.05390625
0 0.296875 0.78671875 0.096875 0.096875
0 0.146875 0.36640625 0.075 0.08515625
0 0.28046875 0.328125 0.0328125 0.065625
0 0.396875 0.61796875 0.04375 0.15078125
0 0.5296875 0.87109375 0.025 0.04296875
0 0.42734375 0.94921875 0.0328125 0.03984375
0 0.45078125 0.2984375 0.0484375 0.0453125
0 0.49296875 0.096875 0.0234375 0.028125
1 0.13125 0.23046875 0.203125 0.3578125
1 0.321875 0.35625 0.13125 0.246875
1 0.27421875 0.7328125 0.1703125 0.153125