0 0.71796875 0.38828125 0.1421875 0.415625
0 0.9203125 0.5953125 0.05078125 0.1203125
0 0.88203125 0.48671875 0.090625 0.153125
0 0.0765625 0.24609375 0.13828125 0.196875
0 0.0671875 0.671875 0.04765625 0.04375
0 0.01484375 0.671875 0.02890625 0.04375
0 0.234375 0.48671875 0.03984375 0.0546875
0 0.36171875 0.371875 0.01796875 0.0875
0 0.2796875 0.32265625 0.04375 0.2296875
0 0.0765625 0.46484375 0.0578125 0.1640625
1 0.4984375 0.39921875 0.99609375 0.78671875
0 0.01484375 0.5078125 0.02890625 0.0984375