0 0.69765625 0.66953125 0.10390625 0.209375
0 0.47265625 0.41953125 0.11015625 0.165625
0 0.0546875 0.8328125 0.10625 0.14375
0 0.24296875 0.44296875 0.05390625 0.04375
0 0.25234375 0.3515625 0.04375 0.040625
0 0.48828125 0.2171875 0.07578125 0.04921875
0 0.6453125 0.196875 0.02578125 0.07890625
0 0.82265625 0.3328125 0.08984375 0.08984375
0 0.803125 0.66875 0.0296875 0.3421875
0 0.95 0.5390625 0.09609375 0.1765625
0 0.92890625 0.8625 0.11796875 0.0953125
0 0.17109375 0.7890625 0.0859375 0.23125
0 0.415625 0.7171875 0.03984375 0.07578125
0 0.51328125 0.75 0.02578125 0.06015625
1 0.203125 0.48203125 0.39375 0.8453125
1 0.75390625 0.84765625 0.1078125 0.10859375