0 0.3296875 0.75625 0.03984375 0.0625
0 0.16015625 0.81015625 0.04765625 0.0625
0 0.09296875 0.6875 0.0296875 0.0390625
0 0.22578125 0.66796875 0.03984375 0.0296875
0 0.51015625 0.615625 0.01171875 0.0265625
0 0.4671875 0.7171875 0.03828125 0.05078125
0 0.5796875 0.684375 0.0640625 0.05078125
0 0.665625 0.6765625 0.028125 0.0421875
0 0.7421875 0.65546875 0.0203125 0.0421875
0 0.80625 0.6453125 0.028125 0.0265625
0 0.7859375 0.603125 0.0203125 0.0265625
0 0.86015625 0.62890625 0.0203125 0.02421875
1 0.43515625 0.4 0.865625 0.79375