0 0.60078125 0.43125 0.1921875 0.16875
1 0.48359375 0.1515625 0.22265625 0.2953125
0 0.3828125 0.43125 0.21328125 0.25703125
0 0.5140625 0.5890625 0.1765625 0.146875
0 0.48828125 0.75703125 0.09453125 0.046875
0 0.725 0.71015625 0.021875 0.02421875
0 0.5984375 0.69375 0.03125 0.01875
0 0.5375 0.68828125 0.03828125 0.040625
0 0.35625 0.6078125 0.021875 0.084375
0 0.31015625 0.5984375 0.0109375 0.06171875
0 0.421875 0.7109375 0.0265625 0.02265625
0 0.37421875 0.6734375 0.009375 0.025
0 0.4109375 0.675 0.03671875 0.015625
0 0.30390625 0.69765625 0.0203125 0.0234375
0 0.33125 0.72421875 0.028125 0.021875
0 0.3625 0.73984375 0.0328125 0.02109375