0 0.171875 0.40703125 0.05234375 0.06796875
0 0.57109375 0.740625 0.02890625 0.06328125
0 0.70234375 0.60234375 0.16875 0.1953125
0 0.45625 0.390625 0.265625 0.28203125
1 0.49296875 0.27265625 0.9796875 0.53671875
0 0.39375 0.7453125 0.05859375 0.08203125
0 0.24375 0.77265625 0.04921875 0.03671875
0 0.0671875 0.45703125 0.12265625 0.22265625
0 0.05703125 0.76171875 0.03203125 0.040625
0 0.0625 0.65 0.05546875 0.0453125
0 0.11484375 0.6296875 0.01484375 0.05
0 0.28125 0.440625 0.0203125 0.01796875