0 0.11171875 0.459375 0.2203125 0.31484375
0 0.30234375 0.4078125 0.13984375 0.2390625
0 0.37734375 0.6328125 0.24609375 0.26640625
0 0.678125 0.69296875 0.3 0.18984375
0 0.94921875 0.73515625 0.09765625 0.05703125
0 0.5859375 0.50234375 0.10390625 0.18515625
1 0.55859375 0.34296875 0.8828125 0.6828125
0 0.9546875 0.67265625 0.08984375 0.03515625
0 0.496875 0.43515625 0.04609375 0.0546875
0 0.71484375 0.5390625 0.065625 0.10625
0 0.8203125 0.56953125 0.015625 0.0296875
1 0.58515625 0.63984375 0.0296875 0.04609375