0 0.12109375 0.75703125 0.2390625 0.153125
0 0.8828125 0.49140625 0.23125 0.371875
1 0.37734375 0.30859375 0.7484375 0.6109375
0 0.29921875 0.76796875 0.0171875 0.025
0 0.7484375 0.68359375 0.021875 0.03359375
0 0.734375 0.5625 0.015625 0.025
0 0.7453125 0.61796875 0.01875 0.0359375
0 0.728125 0.4734375 0.0625 0.103125
0 0.6515625 0.43359375 0.01875 0.021875
0 0.653125 0.55859375 0.0125 0.05
0 0.665625 0.6015625 0.015625 0.04140625
0 0.678125 0.71640625 0.009375 0.01640625
0 0.2375 0.4625 0.0125 0.08046875