0 0.84140625 0.54140625 0.05390625 0.09296875
1 0.51328125 0.24453125 0.61796875 0.4796875
0 0.75859375 0.47421875 0.08125 0.06171875
0 0.66796875 0.49765625 0.06171875 0.0671875
0 0.75078125 0.5796875 0.0578125 0.05703125
0 0.69140625 0.58984375 0.0234375 0.07734375
0 0.52890625 0.5796875 0.04609375 0.0359375
0 0.45390625 0.51015625 0.05 0.0515625
0 0.4765625 0.425 0.05 0.07734375
0 0.5890625 0.428125 0.05 0.04140625
0 0.53125 0.4921875 0.0421875 0.04609375
0 0.2859375 0.46640625 0.04609375 0.04609375