0 0.4375 0.3859375 0.134375 0.134375
0 0.37578125 0.58203125 0.11875 0.15390625
0 0.18203125 0.64375 0.0671875 0.115625
0 0.10078125 0.6578125 0.04765625 0.1
0 0.6671875 0.41796875 0.13671875 0.14609375
0 0.6140625 0.54609375 0.065625 0.134375
0 0.80078125 0.55859375 0.125 0.265625
0 0.91796875 0.65390625 0.0484375 0.23203125
1 0.471875 0.24375 0.80859375 0.4859375
0 0.2609375 0.6625 0.0171875 0.16015625
0 0.56171875 0.396875 0.0609375 0.13515625
0 0.28125 0.459375 0.0453125 0.16796875
0 0.20234375 0.50390625 0.03203125 0.046875