0 0.2515625 0.5734375 0.26484375 0.246875
0 0.80625 0.70390625 0.05546875 0.06328125
0 0.23671875 0.72890625 0.0859375 0.04921875
0 0.31328125 0.734375 0.034375 0.04140625
0 0.4046875 0.6703125 0.05234375 0.121875
0 0.7140625 0.69765625 0.02890625 0.03203125
0 0.74296875 0.74609375 0.02265625 0.02421875
0 0.49609375 0.4703125 0.153125 0.1640625
0 0.4609375 0.58203125 0.0375 0.05390625
0 0.51484375 0.6140625 0.02734375 0.04375
0 0.58046875 0.61484375 0.02890625 0.05625
0 0.53984375 0.6421875 0.01640625 0.03671875
0 0.56171875 0.6640625 0.01484375 0.03671875
1 0.55625 0.39140625 0.884375 0.77734375
0 0.46015625 0.7359375 0.02890625 0.01953125