0 0.33046875 0.46640625 0.13046875 0.1046875
1 0.35078125 0.22890625 0.70078125 0.4546875
0 0.2390625 0.45625 0.02109375 0.0234375
0 0.2 0.41171875 0.02734375 0.03125
0 0.328125 0.68046875 0.03125 0.03125
0 0.0890625 0.38984375 0.028125 0.03671875
0 0.04140625 0.7890625 0.0328125 0.0265625
0 0.08984375 0.54296875 0.0640625 0.0453125
0 0.02109375 0.52421875 0.040625 0.05546875
1 0.48046875 0.5109375 0.084375 0.0890625
1 0.52890625 0.59765625 0.03671875 0.0359375
0 0.265625 0.58828125 0.03125 0.0484375
0 0.0625 0.2875 0.0125 0.01796875
1 0.046875 0.78125 0.09375 0.096875
0 0.1203125 0.79921875 0.02734375 0.0484375
0 0.08984375 0.815625 0.021875 0.02578125
0 0.2453125 0.53203125 0.0109375 0.01328125