1 0.9140625 0.50859375 0.171875 0.2453125
0 0.1 0.2359375 0.08359375 0.109375
0 0.2578125 0.17578125 0.01953125 0.0453125
0 0.30859375 0.2109375 0.1 0.0875
0 0.55390625 0.14609375 0.26484375 0.2234375
0 0.84140625 0.1171875 0.24765625 0.16875
0 0.30546875 0.4921875 0.03203125 0.059375
0 0.19453125 0.5578125 0.03125 0.0375
0 0.08671875 0.609375 0.03828125 0.04375
0 0.24453125 0.61796875 0.21328125 0.0671875
0 0.109375 0.5859375 0.01875 0.040625
0 0.58828125 0.5828125 0.14140625 0.1
0 0.80859375 0.5734375 0.01796875 0.0375
0 0.89453125 0.59765625 0.021875 0.0296875
0 0.09765625 0.503125 0.01796875 0.015625
0 0.31171875 0.43515625 0.01640625 0.0265625
0 0.04609375 0.61953125 0.01796875 0.0265625