0 0.38984375 0.20546875 0.11875 0.09296875
0 0.40078125 0.9796875 0.08125 0.040625
0 0.07265625 0.709375 0.028125 0.04765625
0 0.35546875 0.76796875 0.028125 0.040625
0 0.90859375 0.79375 0.1828125 0.15625
0 0.1578125 0.8765625 0.1 0.12109375
0 0.2375 0.97734375 0.1015625 0.0453125
0 0.428125 0.78828125 0.053125 0.09609375
0 0.58046875 0.8265625 0.153125 0.0453125
1 0.74140625 0.47578125 0.50546875 0.93671875
0 0.24375 0.21640625 0.07578125 0.0859375
0 0.06640625 0.9359375 0.128125 0.11875
0 0.3890625 0.9203125 0.05625 0.0375
0 0.36640625 0.8640625 0.02265625 0.03515625
0 0.45390625 0.91953125 0.03203125 0.065625