0 0.71953125 0.578125 0.30703125 0.13125
1 0.6265625 0.3875 0.7359375 0.3015625
0 0.07578125 0.73671875 0.096875 0.1125
0 0.95546875 0.84921875 0.04609375 0.1203125
0 0.54140625 0.878125 0.0484375 0.04765625
0 0.60546875 0.7234375 0.08359375 0.0875
0 0.68046875 0.8203125 0.06171875 0.17109375
0 0.73984375 0.91640625 0.040625 0.04375
0 0.92578125 0.71484375 0.03515625 0.0328125
0 0.25234375 0.31640625 0.040625 0.05078125
1 0.17890625 0.54921875 0.0671875 0.065625
1 0.14140625 0.37109375 0.1 0.065625
0 0.1578125 0.73984375 0.07265625 0.0546875
0 0.21796875 0.75234375 0.07578125 0.0796875