0 0.05390625 0.2859375 0.06171875 0.15703125
0 0.12578125 0.41640625 0.0765625 0.1890625
0 0.25625 0.63359375 0.10234375 0.2109375
0 0.434375 0.5109375 0.06953125 0.1859375
0 0.665625 0.6359375 0.084375 0.25
0 0.94140625 0.50390625 0.06640625 0.20703125
0 0.6203125 0.3640625 0.05625 0.1640625
0 0.54140625 0.24453125 0.06640625 0.1390625
0 0.77421875 0.2625 0.0921875 0.175
0 0.9765625 0.37109375 0.04609375 0.1859375
0 0.32421875 0.3375 0.06953125 0.125
0 0.1578125 0.2265625 0.06953125 0.125
0 0.24609375 0.1859375 0.071875 0.12890625
0 0.92578125 0.20546875 0.071875 0.13203125
0 0.69140625 0.12890625 0.0640625 0.1140625
0 0.57421875 0.11640625 0.071875 0.125