0 0.68046875 0.31015625 0.0765625 0.09609375
0 0.46484375 0.27109375 0.1546875 0.075
0 0.69921875 0.70234375 0.0640625 0.075
0 0.68125 0.63828125 0.0296875 0.03984375
0 0.675 0.56328125 0.0171875 0.03125
0 0.64765625 0.51328125 0.02265625 0.03515625
0 0.6203125 0.46328125 0.06640625 0.05625
0 0.5796875 0.49609375 0.02265625 0.04140625
0 0.49453125 0.60234375 0.028125 0.02109375
0 0.3625 0.26015625 0.02265625 0.02109375
0 0.29609375 0.25390625 0.0609375 0.10390625
0 0.2203125 0.28046875 0.034375 0.03125
0 0.14765625 0.25703125 0.09921875 0.05625
0 0.040625 0.25703125 0.0640625 0.06484375
0 0.55078125 0.575 0.015625 0.02109375
0 0.52421875 0.6375 0.01953125 0.02109375