0 0.825 0.0640625 0.03984375 0.1140625
0 0.5859375 0.175 0.0515625 0.14296875
0 0.51015625 0.175 0.06015625 0.1359375
0 0.3609375 0.2140625 0.06640625 0.14296875
0 0.26171875 0.45859375 0.034375 0.08203125
0 0.05 0.4140625 0.04921875 0.10703125
0 0.5359375 0.45 0.04921875 0.0859375
0 0.77734375 0.4359375 0.04296875 0.0859375
0 0.91484375 0.39609375 0.04296875 0.05703125
0 0.59453125 0.89609375 0.0515625 0.07109375
0 0.38515625 0.89453125 0.0515625 0.075
0 0.06875 0.76953125 0.04609375 0.06796875
0 0.78046875 0.7625 0.04921875 0.0609375
0 0.53984375 0.81796875 0.0515625 0.05