0 0.21484375 0.29453125 0.4234375 0.57734375
0 0.98671875 0.0859375 0.0265625 0.04140625
0 0.08359375 0.92265625 0.16015625 0.11875
0 0.625 0.4609375 0.203125 0.25625
0 0.71328125 0.82109375 0.1734375 0.1546875
0 0.83359375 0.54140625 0.0796875 0.07109375
0 0.83671875 0.3984375 0.03984375 0.04765625
0 0.3484375 0.88359375 0.03671875 0.05390625
0 0.50703125 0.61875 0.0203125 0.0359375
0 0.496875 0.4015625 0.03359375 0.05390625
0 0.90703125 0.48515625 0.03359375 0.07734375
0 0.91640625 0.64296875 0.1265625 0.14296875