0 0.9 0.54765625 0.19921875 0.14921875
0 0.97734375 0.86328125 0.04453125 0.11171875
0 0.503125 0.43671875 0.0296875 0.0171875
0 0.0859375 0.65 0.0796875 0.04453125
0 0.2921875 0.29140625 0.053125 0.0484375
0 0.69609375 0.55703125 0.09609375 0.0671875
0 0.61640625 0.91015625 0.09609375 0.05859375
0 0.61484375 0.9859375 0.0515625 0.028125
0 0.59140625 0.52421875 0.04453125 0.040625
0 0.390625 0.88046875 0.02421875 0.0234375
0 0.27265625 0.6828125 0.0328125 0.03046875
0 0.990625 0.6546875 0.01875 0.03046875
0 0.82265625 0.634375 0.02421875 0.01328125
0 0.34375 0.8203125 0.0140625 0.01328125
0 0.3078125 0.85859375 0.025 0.02578125
0 0.28046875 0.8359375 0.02578125 0.015625
0 0.34375 0.728125 0.05390625 0.03203125
0 0.16796875 0.63828125 0.021875 0.025
0 0.41484375 0.54296875 0.0515625 0.01484375
0 0.3828125 0.5140625 0.06328125 0.0546875
0 0.31640625 0.525 0.0515625 0.0484375
0 0.27890625 0.5296875 0.02109375 0.01875
0 0.25 0.52734375 0.02265625 0.02265625
0 0.19765625 0.5296875 0.03359375 0.01015625
0 0.46875 0.43046875 0.034375 0.028125
0 0.43046875 0.42578125 0.0171875 0.0140625
0 0.78984375 0.57734375 0.03359375 0.0265625
0 0.23515625 0.27890625 0.03984375 0.025