0 0.48125 0.14453125 0.01875 0.03203125
0 0.18828125 0.7984375 0.0203125 0.05390625
0 0.0125 0.98828125 0.021875 0.0234375
0 0.49765625 0.39375 0.028125 0.0375
0 0.44609375 0.453125 0.04296875 0.0734375
0 0.371875 0.48046875 0.03515625 0.0671875
0 0.3171875 0.57734375 0.05703125 0.07109375
0 0.28671875 0.628125 0.04375 0.0453125
0 0.2578125 0.4484375 0.03671875 0.0359375
0 0.22734375 0.496875 0.06640625 0.06953125
0 0.15390625 0.5734375 0.05703125 0.08359375
0 0.1140625 0.6765625 0.04296875 0.0515625
0 0.0109375 0.90546875 0.01875 0.0296875
0 0.03125 0.784375 0.05859375 0.109375