0 0.35078125 0.521875 0.6421875 0.640625
0 0.09921875 0.35625 0.17421875 0.16640625
0 0.140625 0.4296875 0.06171875 0.071875
0 0.02421875 0.54140625 0.03203125 0.0546875
0 0.13203125 0.52734375 0.05625 0.07734375
0 0.08203125 0.56484375 0.02421875 0.02578125
0 0.29296875 0.43359375 0.21015625 0.178125
0 0.39375 0.26875 0.0359375 0.04921875
0 0.73984375 0.92109375 0.04765625 0.0546875
0 0.7703125 0.73671875 0.028125 0.02578125
0 0.94609375 0.69375 0.0203125 0.03125
0 0.71328125 0.11171875 0.021875 0.02265625