0 0.36015625 0.4140625 0.0796875 0.19296875
0 0.57421875 0.1890625 0.06640625 0.12890625
0 0.7265625 0.15390625 0.06953125 0.09296875
0 0.85625 0.075 0.0875 0.1359375
0 0.6296875 0.0640625 0.11015625 0.1140625
0 0.52421875 0.09609375 0.05390625 0.1
0 0.3359375 0.1140625 0.05625 0.0859375
0 0.25 0.08046875 0.05390625 0.075
0 0.15625 0.0484375 0.06640625 0.08203125
0 0.08984375 0.11953125 0.06640625 0.09609375
0 0.44765625 0.07109375 0.05390625 0.07890625
0 0.01640625 0.0765625 0.028125 0.08203125