0 0.021875 0.45546875 0.028125 0.10390625
0 0.0515625 0.58203125 0.03046875 0.0859375
0 0.08359375 0.6109375 0.03828125 0.10703125
0 0.15390625 0.6 0.0203125 0.07890625
0 0.16171875 0.4609375 0.0359375 0.10703125
0 0.18359375 0.61640625 0.028125 0.08203125
0 0.20546875 0.56640625 0.03046875 0.11796875
0 0.2625 0.5734375 0.0484375 0.1609375
0 0.3125 0.57890625 0.0515625 0.17109375
0 0.35859375 0.61640625 0.03046875 0.11796875
0 0.3859375 0.5609375 0.028125 0.12109375
0 0.42421875 0.5640625 0.03828125 0.1
0 0.45546875 0.6625 0.0234375 0.09609375
0 0.48828125 0.5875 0.05390625 0.15390625
0 0.54609375 0.62890625 0.04609375 0.1640625
0 0.584375 0.60390625 0.04140625 0.17109375
0 0.615625 0.5734375 0.03046875 0.125
0 0.67578125 0.6234375 0.028125 0.10390625
0 0.72578125 0.64296875 0.02578125 0.1
0 0.75625 0.65546875 0.04140625 0.13203125
0 0.81796875 0.60703125 0.04140625 0.2
0 0.8578125 0.67109375 0.028125 0.10703125
0 0.965625 0.6515625 0.05390625 0.13203125
0 0.88984375 0.7140625 0.04140625 0.2