0 0.44375 0.353125 0.32890625 0.7
0 0.4921875 0.79453125 0.059375 0.2515625
0 0.73984375 0.83828125 0.0359375 0.12890625
0 0.66328125 0.47109375 0.11015625 0.37734375
0 0.19375 0.39296875 0.08984375 0.22578125
0 0.81171875 0.734375 0.03046875 0.04609375
0 0.75546875 0.7140625 0.04921875 0.0625
0 0.79140625 0.88984375 0.0203125 0.196875
0 0.66875 0.84609375 0.021875 0.165625
0 0.62734375 0.83984375 0.02734375 0.1828125
0 0.3796875 0.84140625 0.10859375 0.26015625
0 0.47421875 0.9625 0.078125 0.034375
0 0.2609375 0.82265625 0.04375 0.2