0 0.771875 0.44609375 0.0515625 0.14296875
0 0.4640625 0.44453125 0.04140625 0.10390625
0 0.24765625 0.37109375 0.05859375 0.10703125
0 0.1625 0.3 0.04375 0.09296875
0 0.2734375 0.24140625 0.04375 0.08203125
0 0.4125 0.2125 0.05625 0.08203125
0 0.61640625 0.19609375 0.05390625 0.09296875
0 0.8578125 0.2125 0.05390625 0.08203125
0 0.85234375 0.47890625 0.03828125 0.09296875
0 0.6125 0.48359375 0.04609375 0.10390625
0 0.4125 0.46953125 0.0359375 0.05390625
0 0.765625 0.8640625 0.0484375 0.12890625
0 0.46171875 0.81796875 0.0359375 0.1140625
0 0.24609375 0.70703125 0.04140625 0.17109375