0 0.5640625 0.81015625 0.046875 0.0625
0 0.0546875 0.54296875 0.10546875 0.42421875
0 0.1578125 0.44140625 0.03515625 0.61171875
0 0.2203125 0.64296875 0.03125 0.21328125
0 0.378125 0.4 0.0640625 0.09609375
0 0.38984375 0.53671875 0.0796875 0.10390625
0 0.5234375 0.31015625 0.19140625 0.26015625
0 0.6015625 0.540625 0.0546875 0.10703125
0 0.77421875 0.5328125 0.2796875 0.1015625
0 0.77421875 0.39453125 0.2796875 0.11171875
0 0.771875 0.24609375 0.28125 0.10703125
0 0.965625 0.240625 0.06875 0.10703125
0 0.96640625 0.39453125 0.0671875 0.1015625
0 0.81796875 0.08359375 0.3640625 0.1640625
0 0.3921875 0.0875 0.2734375 0.16953125