0 0.1 0.54765625 0.19921875 0.14921875
0 0.02265625 0.86328125 0.04453125 0.11171875
0 0.496875 0.43671875 0.0296875 0.0171875
0 0.9140625 0.65 0.0796875 0.04453125
0 0.7078125 0.29140625 0.053125 0.0484375
0 0.30390625 0.55703125 0.09609375 0.0671875
0 0.38359375 0.91015625 0.09609375 0.05859375
0 0.38515625 0.9859375 0.0515625 0.028125
0 0.40859375 0.52421875 0.04453125 0.040625
0 0.609375 0.88046875 0.02421875 0.0234375
0 0.72734375 0.6828125 0.0328125 0.03046875
0 0.009375 0.6546875 0.01875 0.03046875
0 0.17734375 0.634375 0.02421875 0.01328125
0 0.65625 0.8203125 0.0140625 0.01328125
0 0.6921875 0.85859375 0.025 0.02578125
0 0.71953125 0.8359375 0.02578125 0.015625
0 0.65625 0.728125 0.05390625 0.03203125
0 0.83203125 0.63828125 0.021875 0.025
0 0.58515625 0.54296875 0.0515625 0.01484375
0 0.6171875 0.5140625 0.06328125 0.0546875
0 0.68359375 0.525 0.0515625 0.0484375
0 0.72109375 0.5296875 0.02109375 0.01875
0 0.75 0.52734375 0.02265625 0.02265625
0 0.80234375 0.5296875 0.03359375 0.01015625
0 0.53125 0.43046875 0.034375 0.028125
0 0.56953125 0.42578125 0.0171875 0.0140625
0 0.21015625 0.57734375 0.03359375 0.0265625
0 0.76484375 0.27890625 0.03984375 0.025