0 0.17421875 0.48125 0.34765625 0.259375
0 0.68828125 0.46796875 0.6234375 0.73984375
0 0.121875 0.68515625 0.15859375 0.1359375
0 0.28671875 0.7859375 0.08515625 0.1796875
0 0.25 0.653125 0.0234375 0.0328125
0 0.31484375 0.653125 0.021875 0.028125
0 0.05625 0.840625 0.02421875 0.02421875
0 0.1234375 0.83203125 0.025 0.01796875
0 0.1890625 0.8359375 0.0265625 0.03515625
0 0.596875 0.81953125 0.078125 0.07265625
0 0.50390625 0.6359375 0.025 0.03515625
0 0.50625 0.71953125 0.02578125 0.0359375
0 0.5015625 0.54765625 0.02265625 0.04453125
0 0.89921875 0.690625 0.02890625 0.04453125
0 0.96484375 0.690625 0.0234375 0.04765625
0 0.93515625 0.8046875 0.07421875 0.08359375
0 0.83515625 0.79296875 0.02265625 0.0453125
0 0.83203125 0.6921875 0.02421875 0.0453125
0 0.959375 0.59140625 0.0234375 0.0421875
0 0.5671875 0.71875 0.0234375 0.034375
0 0.8875 0.5765625 0.03359375 0.07578125
0 0.565625 0.5515625 0.02734375 0.04296875
0 0.565625 0.634375 0.0265625 0.0390625