0 0.72578125 0.46875 0.25625 0.61953125
0 0.51484375 0.3265625 0.1703125 0.3203125
0 0.384375 0.52734375 0.0703125 0.20546875
0 0.33203125 0.58203125 0.03125 0.1015625
0 0.4390625 0.5640625 0.03515625 0.1015625
0 0.4875 0.5625 0.0484375 0.09375
0 0.5703125 0.51953125 0.03125 0.08046875
0 0.53515625 0.53359375 0.0234375 0.05234375
0 0.571875 0.5953125 0.02734375 0.0546875
0 0.5328125 0.59765625 0.0234375 0.03359375
0 0.57734375 0.66953125 0.025 0.046875
0 0.5359375 0.66953125 0.025 0.03671875
0 0.4859375 0.69296875 0.01953125 0.05703125
0 0.43828125 0.69140625 0.021875 0.0546875
0 0.3390625 0.734375 0.0296875 0.04140625