0 0.153125 0.35078125 0.3046875 0.24375
0 0.22734375 0.48515625 0.12421875 0.1109375
0 0.234375 0.384375 0.021875 0.0296875
0 0.26875 0.37421875 0.0515625 0.02578125
0 0.13984375 0.440625 0.02578125 0.0328125
0 0.13671875 0.65859375 0.02265625 0.0390625
0 0.08203125 0.61015625 0.01953125 0.02265625
0 0.0171875 0.7171875 0.02421875 0.025
0 0.39453125 0.70234375 0.146875 0.22265625
0 0.64921875 0.6421875 0.1984375 0.23046875
0 0.7890625 0.83203125 0.05 0.0390625
0 0.9609375 0.80703125 0.07734375 0.04765625
0 0.865625 0.3296875 0.26875 0.15859375
0 0.596875 0.27578125 0.21171875 0.08671875
0 0.37109375 0.42578125 0.1140625 0.1984375