0 0.58515625 0.33359375 0.234375 0.5796875
0 0.9734375 0.90859375 0.0515625 0.0453125
0 0.93984375 0.86171875 0.025 0.04140625
0 0.88984375 0.85703125 0.04921875 0.04296875
0 0.91875 0.909375 0.02109375 0.03125
0 0.82890625 0.85234375 0.02890625 0.03984375
0 0.8484375 0.95703125 0.0984375 0.0828125
0 0.7609375 0.89921875 0.0984375 0.1046875
0 0.78125 0.971875 0.0203125 0.0234375
0 0.6921875 0.94765625 0.10234375 0.09140625
0 0.54453125 0.925 0.15234375 0.05234375
0 0.38984375 0.9328125 0.11015625 0.0875
0 0.65 0.803125 0.16015625 0.09375
0 0.5078125 0.82265625 0.08984375 0.07265625
0 0.19296875 0.83828125 0.03046875 0.06328125