0 0.8828125 0.67265625 0.053125 0.1546875
0 0.41484375 0.8421875 0.046875 0.1484375
0 0.70390625 0.63984375 0.05 0.07734375
0 0.575 0.54140625 0.06015625 0.0953125
0 0.42109375 0.4734375 0.053125 0.07734375
0 0.25234375 0.7734375 0.0703125 0.10703125
0 0.10234375 0.5953125 0.06328125 0.10703125
0 0.06171875 0.2859375 0.06328125 0.10703125
0 0.20703125 0.0890625 0.0671875 0.11875
0 0.2109375 0.30390625 0.06015625 0.11875
0 0.309375 0.35390625 0.05 0.1015625
0 0.425 0.11875 0.0671875 0.10703125
0 0.59375 0.20234375 0.0703125 0.10703125
0 0.77109375 0.23515625 0.06328125 0.125