0 0.228125 0.44609375 0.0515625 0.14296875
0 0.5359375 0.44453125 0.04140625 0.10390625
0 0.75234375 0.37109375 0.05859375 0.10703125
0 0.8375 0.3 0.04375 0.09296875
0 0.7265625 0.24140625 0.04375 0.08203125
0 0.5875 0.2125 0.05625 0.08203125
0 0.38359375 0.19609375 0.05390625 0.09296875
0 0.1421875 0.2125 0.05390625 0.08203125
0 0.14765625 0.47890625 0.03828125 0.09296875
0 0.3875 0.48359375 0.04609375 0.10390625
0 0.5875 0.46953125 0.0359375 0.05390625
0 0.234375 0.8640625 0.0484375 0.12890625
0 0.53828125 0.81796875 0.0359375 0.1140625
0 0.75390625 0.70703125 0.04140625 0.17109375