0 0.55625 0.353125 0.32890625 0.7
0 0.5078125 0.79453125 0.059375 0.2515625
0 0.26015625 0.83828125 0.0359375 0.12890625
0 0.33671875 0.47109375 0.11015625 0.37734375
0 0.80625 0.39296875 0.08984375 0.22578125
0 0.18828125 0.734375 0.03046875 0.04609375
0 0.24453125 0.7140625 0.04921875 0.0625
0 0.20859375 0.88984375 0.0203125 0.196875
0 0.33125 0.84609375 0.021875 0.165625
0 0.37265625 0.83984375 0.02734375 0.1828125
0 0.6203125 0.84140625 0.10859375 0.26015625
0 0.52578125 0.9625 0.078125 0.034375
0 0.7390625 0.82265625 0.04375 0.2