0 0.37421875 0.1921875 0.3546875 0.3796875
0 0.73046875 0.565625 0.2140625 0.18046875
0 0.03359375 0.27265625 0.0671875 0.08671875
0 0.04765625 0.60078125 0.0328125 0.04453125
0 0.43828125 0.64140625 0.0453125 0.0984375
0 0.98515625 0.50078125 0.0265625 0.1171875
0 0.575 0.8890625 0.028125 0.08671875
0 0.31171875 0.6453125 0.0296875 0.05859375
0 0.159375 0.21875 0.034375 0.03515625
0 0.7078125 0.32109375 0.034375 0.0703125
0 0.6375 0.33125 0.040625 0.05390625
0 0.6 0.0234375 0.078125 0.0421875
0 0.7140625 0.02578125 0.053125 0.046875
0 0.5984375 0.0921875 0.046875 0.03515625
0 0.45859375 0.421875 0.0765625 0.065625