0 0.01640625 0.3140625 0.028125 0.09296875
0 0.05625 0.3875 0.03046875 0.06796875
0 0.1421875 0.25390625 0.03359375 0.05703125
0 0.1765625 0.32109375 0.04140625 0.0640625
0 0.265625 0.21640625 0.0484375 0.075
0 0.4421875 0.2375 0.04375 0.06796875
0 0.228125 0.41640625 0.03046875 0.0609375
0 0.334375 0.30390625 0.03828125 0.07109375
0 0.36640625 0.3625 0.04140625 0.08203125
0 0.50859375 0.32109375 0.03359375 0.0640625
0 0.4640625 0.4234375 0.0359375 0.10390625
0 0.69765625 0.3109375 0.0359375 0.0640625
0 0.61640625 0.39140625 0.03359375 0.075
0 0.6640625 0.45546875 0.0359375 0.09609375
0 0.8078125 0.54296875 0.03046875 0.07109375
0 0.96640625 0.60390625 0.0203125 0.0359375
0 0.97578125 0.80703125 0.0484375 0.07109375