0 0.5765625 0.69296875 0.15625 0.425
0 0.58671875 0.24609375 0.1015625 0.396875
0 0.95625 0.66953125 0.084375 0.2390625
0 0.7796875 0.371875 0.05 0.11640625
0 0.25078125 0.30546875 0.0671875 0.2109375
0 0.86171875 0.4390625 0.0265625 0.13359375
0 0.40859375 0.55703125 0.0609375 0.096875
0 0.42265625 0.375 0.1046875 0.16640625
0 0.48203125 0.62109375 0.0640625 0.10859375
0 0.46640625 0.7234375 0.0171875 0.04140625
0 0.49765625 0.76953125 0.0171875 0.04453125
0 0.55078125 0.84296875 0.0171875 0.0359375
0 0.33984375 0.3375 0.0359375 0.1140625