0 0.1765625 0.79453125 0.34375 0.1609375
0 0.46171875 0.75703125 0.20078125 0.21875
0 0.86171875 0.82578125 0.25859375 0.14296875
0 0.7703125 0.6671875 0.1921875 0.10234375
0 0.54453125 0.2546875 0.0359375 0.04453125
0 0.55546875 0.4421875 0.07578125 0.30390625
0 0.84140625 0.50234375 0.03984375 0.14765625
0 0.67890625 0.8546875 0.08046875 0.03984375
0 0.32578125 0.60234375 0.04453125 0.10703125
0 0.60234375 0.85234375 0.01796875 0.05390625
0 0.890625 0.39765625 0.04921875 0.0890625
0 0.5984375 0.68046875 0.0265625 0.08515625
0 0.63203125 0.68046875 0.01328125 0.08515625