0 0.15234375 0.35859375 0.12265625 0.53359375
0 0.03359375 0.10703125 0.06171875 0.18984375
0 0.0359375 0.54609375 0.06484375 0.11015625
0 0.05625 0.88671875 0.10703125 0.18984375
0 0.315625 0.6625 0.37890625 0.28203125
0 0.546875 0.85859375 0.628125 0.2328125
0 0.6296875 0.7578125 0.10703125 0.0921875
0 0.3125 0.346875 0.08125 0.178125
0 0.29140625 0.11328125 0.12265625 0.178125
0 0.46640625 0.28515625 0.05859375 0.22734375
0 0.75859375 0.62578125 0.15234375 0.184375
0 0.93984375 0.78828125 0.11953125 0.153125
0 0.98359375 0.53046875 0.03203125 0.165625
0 0.43671875 0.81875 0.06484375 0.0671875