0 0.58828125 0.8453125 0.06015625 0.190625
0 0.11875 0.6609375 0.0765625 0.1546875
0 0.23046875 0.25 0.08046875 0.23828125
0 0.40625 0.19921875 0.0703125 0.13671875
0 0.575 0.11875 0.08046875 0.13125
0 0.79453125 0.0921875 0.0765625 0.13671875
0 0.9328125 0.2796875 0.0734375 0.13125
0 0.7875 0.309375 0.0703125 0.14296875
0 0.690625 0.35703125 0.06328125 0.11875
0 0.89765625 0.5984375 0.0703125 0.1484375
0 0.74765625 0.7828125 0.0765625 0.11328125
0 0.57890625 0.4734375 0.06015625 0.11328125
0 0.425 0.5359375 0.0671875 0.10703125
0 0.29609375 0.63984375 0.05703125 0.07734375