0 0.01953125 0.50703125 0.01796875 0.0640625
0 0.03203125 0.74140625 0.028125 0.10390625
0 0.078125 0.6234375 0.01796875 0.08203125
0 0.14609375 0.61953125 0.03046875 0.20390625
0 0.11015625 0.4859375 0.015625 0.02890625
0 0.22578125 0.4765625 0.01015625 0.03203125
0 0.2578125 0.73046875 0.028125 0.1609375
0 0.20625 0.56953125 0.01796875 0.08203125
0 0.31171875 0.5875 0.01796875 0.08203125
0 0.37578125 0.50546875 0.01796875 0.08203125
0 0.44765625 0.5484375 0.01796875 0.08203125
0 0.5421875 0.54609375 0.0234375 0.07890625
0 0.428125 0.75 0.0203125 0.12109375
0 0.34453125 0.70859375 0.01796875 0.08203125
0 0.615625 0.49609375 0.0203125 0.05703125
0 0.64453125 0.70703125 0.0234375 0.07890625
0 0.55859375 0.74609375 0.0203125 0.12109375
0 0.49140625 0.68359375 0.01796875 0.08203125
0 0.678125 0.5890625 0.0234375 0.07890625
0 0.784375 0.56953125 0.0203125 0.075
0 0.965625 0.7375 0.03359375 0.11796875
0 0.8484375 0.61640625 0.03046875 0.20390625
0 0.734375 0.7265625 0.028125 0.1609375
0 0.28359375 0.4890625 0.01796875 0.05
0 0.49140625 0.4859375 0.01796875 0.05
0 0.70859375 0.47890625 0.01796875 0.05
0 0.9765625 0.5015625 0.0203125 0.05390625
0 0.42578125 0.4734375 0.01015625 0.03203125
0 0.5640625 0.46640625 0.01015625 0.03203125
0 0.76953125 0.46953125 0.01015625 0.03203125
0 0.8875 0.4734375 0.01015625 0.03203125
0 0.91796875 0.61953125 0.0203125 0.08203125